local RunService = game:GetService("RunService")
local Players = game:GetService("Players")
local lp = Players.LocalPlayer
local cam = workspace.CurrentCamera
local char = lp.Character or lp.CharacterAdded:Wait()
local hrp = char:WaitForChild("HumanoidRootPart")
local hum = char:WaitForChild("Humanoid")

local originalCamType = cam.CameraType
local originalAutoRotate = hum.AutoRotate
local originalWalkSpeed = hum.WalkSpeed
local originalHipHeight = hum.HipHeight

hum.AutoRotate = false
cam.CameraType = Enum.CameraType.Scriptable

local frames = {
{Pos=Vector3.new(-1180.248,1845.149,164.348),Vel=Vector3.new(0.000,0.010,-0.000),Move=Vector3.new(0.000,0,0.000),CFrame=CFrame.new(-1200.008,1850.171,158.481,-0.284608,0.159236,-0.945327,0.000000,0.986108,0.166105,0.958644,0.047275,-0.280654),FOV=70.00,Time=0.0000,WalkSpeed=90.00},
{Pos=Vector3.new(-1180.248,1845.149,164.348),Vel=Vector3.new(0.000,0.010,-0.000),Move=Vector3.new(0.000,0,0.000),CFrame=CFrame.new(-1200.008,1850.171,158.481,-0.284608,0.159236,-0.945326,0.000000,0.986108,0.166105,0.958644,0.047275,-0.280654),FOV=70.00,Time=0.0198,WalkSpeed=90.00},
{Pos=Vector3.new(-1180.248,1845.149,164.348),Vel=Vector3.new(0.000,0.010,-0.000),Move=Vector3.new(0.000,0,0.000),CFrame=CFrame.new(-1200.008,1850.171,158.481,-0.284608,0.159236,-0.945327,0.000000,0.986108,0.166105,0.958644,0.047275,-0.280654),FOV=70.00,Time=0.0400,WalkSpeed=90.00},
{Pos=Vector3.new(-1180.248,1845.149,164.348),Vel=Vector3.new(-0.000,0.010,0.000),Move=Vector3.new(0.000,0,0.000),CFrame=CFrame.new(-1200.008,1850.171,158.481,-0.284608,0.159236,-0.945326,0.000000,0.986108,0.166105,0.958644,0.047275,-0.280654),FOV=70.00,Time=0.0607,WalkSpeed=90.00},
{Pos=Vector3.new(-1180.248,1845.149,164.348),Vel=Vector3.new(-0.000,0.010,0.000),Move=Vector3.new(0.000,0,0.000),CFrame=CFrame.new(-1200.008,1850.171,158.481,-0.284608,0.159236,-0.945327,0.000000,0.986108,0.166105,0.958644,0.047275,-0.280654),FOV=70.00,Time=0.0804,WalkSpeed=90.00},
{Pos=Vector3.new(-1180.248,1845.149,164.348),Vel=Vector3.new(-0.000,0.010,0.000),Move=Vector3.new(0.000,0,0.000),CFrame=CFrame.new(-1200.008,1850.171,158.481,-0.284608,0.159236,-0.945326,0.000000,0.986108,0.166105,0.958644,0.047275,-0.280654),FOV=70.00,Time=0.1005,WalkSpeed=90.00},
{Pos=Vector3.new(-1180.248,1845.149,164.348),Vel=Vector3.new(-0.000,0.010,0.000),Move=Vector3.new(0.000,0,0.000),CFrame=CFrame.new(-1200.008,1850.171,158.481,-0.284608,0.159236,-0.945327,0.000000,0.986108,0.166105,0.958644,0.047275,-0.280654),FOV=70.00,Time=0.1229,WalkSpeed=90.00},
{Pos=Vector3.new(-1180.248,1845.149,164.348),Vel=Vector3.new(-0.000,0.010,0.000),Move=Vector3.new(0.000,0,0.000),CFrame=CFrame.new(-1200.008,1850.171,158.481,-0.284608,0.159236,-0.945326,0.000000,0.986108,0.166105,0.958644,0.047275,-0.280654),FOV=70.00,Time=0.1433,WalkSpeed=90.00},
{Pos=Vector3.new(-1180.248,1845.149,164.348),Vel=Vector3.new(0.000,0.010,-0.000),Move=Vector3.new(0.000,0,0.000),CFrame=CFrame.new(-1200.008,1850.171,158.481,-0.284608,0.159236,-0.945327,0.000000,0.986108,0.166105,0.958644,0.047275,-0.280654),FOV=70.00,Time=0.1635,WalkSpeed=90.00},
{Pos=Vector3.new(-1180.248,1845.149,164.348),Vel=Vector3.new(0.000,0.010,-0.000),Move=Vector3.new(0.000,0,0.000),CFrame=CFrame.new(-1200.008,1850.171,158.481,-0.284608,0.159236,-0.945326,0.000000,0.986108,0.166105,0.958644,0.047275,-0.280654),FOV=70.00,Time=0.1832,WalkSpeed=90.00},
{Pos=Vector3.new(-1180.248,1845.149,164.348),Vel=Vector3.new(0.000,0.010,-0.000),Move=Vector3.new(0.000,0,0.000),CFrame=CFrame.new(-1200.008,1850.171,158.481,-0.284608,0.159236,-0.945327,0.000000,0.986108,0.166105,0.958644,0.047275,-0.280654),FOV=70.00,Time=0.2033,WalkSpeed=90.00},
{Pos=Vector3.new(-1180.248,1845.149,164.348),Vel=Vector3.new(0.000,0.010,-0.000),Move=Vector3.new(0.000,0,0.000),CFrame=CFrame.new(-1200.008,1850.171,158.481,-0.284608,0.159236,-0.945326,0.000000,0.986108,0.166105,0.958644,0.047275,-0.280654),FOV=70.00,Time=0.2231,WalkSpeed=90.00},
{Pos=Vector3.new(-1180.248,1845.149,164.348),Vel=Vector3.new(0.000,0.010,-0.000),Move=Vector3.new(0.000,0,0.000),CFrame=CFrame.new(-1200.008,1850.171,158.481,-0.284608,0.159236,-0.945327,0.000000,0.986108,0.166105,0.958644,0.047275,-0.280654),FOV=70.00,Time=0.2429,WalkSpeed=90.00},
{Pos=Vector3.new(-1180.248,1845.149,164.348),Vel=Vector3.new(0.000,0.010,-0.000),Move=Vector3.new(0.000,0,0.000),CFrame=CFrame.new(-1200.008,1850.171,158.481,-0.284608,0.159236,-0.945326,0.000000,0.986108,0.166105,0.958644,0.047275,-0.280654),FOV=70.00,Time=0.2639,WalkSpeed=90.00},
{Pos=Vector3.new(-1180.248,1845.149,164.348),Vel=Vector3.new(-0.000,0.010,0.000),Move=Vector3.new(0.000,0,0.000),CFrame=CFrame.new(-1200.008,1850.171,158.481,-0.284608,0.159236,-0.945327,0.000000,0.986108,0.166105,0.958644,0.047275,-0.280654),FOV=70.00,Time=0.2828,WalkSpeed=90.00},
{Pos=Vector3.new(-1180.248,1845.149,164.348),Vel=Vector3.new(-0.000,0.010,0.000),Move=Vector3.new(0.000,0,0.000),CFrame=CFrame.new(-1200.008,1850.171,158.481,-0.284608,0.159236,-0.945326,0.000000,0.986108,0.166105,0.958644,0.047275,-0.280654),FOV=70.00,Time=0.3027,WalkSpeed=90.00},
{Pos=Vector3.new(-1180.248,1845.149,164.348),Vel=Vector3.new(-0.000,0.010,0.000),Move=Vector3.new(0.000,0,0.000),CFrame=CFrame.new(-1200.008,1850.171,158.481,-0.284608,0.159236,-0.945327,0.000000,0.986108,0.166105,0.958644,0.047275,-0.280654),FOV=70.00,Time=0.3227,WalkSpeed=90.00},
{Pos=Vector3.new(-1180.248,1845.149,164.348),Vel=Vector3.new(-0.000,0.010,0.000),Move=Vector3.new(0.000,0,0.000),CFrame=CFrame.new(-1200.008,1850.171,158.481,-0.284608,0.159236,-0.945326,0.000000,0.986108,0.166105,0.958644,0.047275,-0.280654),FOV=70.00,Time=0.3426,WalkSpeed=90.00},
{Pos=Vector3.new(-1180.248,1845.149,164.348),Vel=Vector3.new(-0.000,0.010,0.000),Move=Vector3.new(0.000,0,0.000),CFrame=CFrame.new(-1200.008,1850.171,158.481,-0.284608,0.159236,-0.945327,0.000000,0.986108,0.166105,0.958644,0.047275,-0.280654),FOV=70.00,Time=0.3637,WalkSpeed=90.00},
{Pos=Vector3.new(-1180.248,1845.149,164.348),Vel=Vector3.new(0.000,0.010,-0.000),Move=Vector3.new(0.000,0,0.000),CFrame=CFrame.new(-1200.008,1850.171,158.481,-0.284608,0.159236,-0.945326,0.000000,0.986108,0.166105,0.958644,0.047275,-0.280654),FOV=70.00,Time=0.3826,WalkSpeed=90.00},
{Pos=Vector3.new(-1180.248,1845.149,164.348),Vel=Vector3.new(0.000,0.010,-0.000),Move=Vector3.new(0.000,0,0.000),CFrame=CFrame.new(-1200.008,1850.171,158.481,-0.284608,0.159236,-0.945327,0.000000,0.986108,0.166105,0.958644,0.047275,-0.280654),FOV=70.00,Time=0.4025,WalkSpeed=90.00},
{Pos=Vector3.new(-1180.248,1845.149,164.348),Vel=Vector3.new(0.000,0.010,-0.000),Move=Vector3.new(0.000,0,0.000),CFrame=CFrame.new(-1200.008,1850.171,158.481,-0.284608,0.159236,-0.945326,0.000000,0.986108,0.166105,0.958644,0.047275,-0.280654),FOV=70.00,Time=0.4235,WalkSpeed=90.00},
{Pos=Vector3.new(-1180.248,1845.149,164.348),Vel=Vector3.new(0.000,0.010,-0.000),Move=Vector3.new(0.000,0,0.000),CFrame=CFrame.new(-1200.008,1850.171,158.481,-0.284608,0.159236,-0.945327,0.000000,0.986108,0.166105,0.958644,0.047275,-0.280654),FOV=70.00,Time=0.4418,WalkSpeed=90.00},
{Pos=Vector3.new(-1180.248,1845.149,164.348),Vel=Vector3.new(0.000,0.010,-0.000),Move=Vector3.new(0.000,0,0.000),CFrame=CFrame.new(-1200.008,1850.171,158.481,-0.284608,0.159236,-0.945326,0.000000,0.986108,0.166105,0.958644,0.047275,-0.280654),FOV=70.00,Time=0.4612,WalkSpeed=90.00},
{Pos=Vector3.new(-1180.248,1845.149,164.348),Vel=Vector3.new(0.000,0.010,-0.000),Move=Vector3.new(0.000,0,0.000),CFrame=CFrame.new(-1200.008,1850.171,158.481,-0.284608,0.159236,-0.945327,0.000000,0.986108,0.166105,0.958644,0.047275,-0.280654),FOV=70.00,Time=0.4812,WalkSpeed=90.00},
{Pos=Vector3.new(-1180.248,1845.149,164.348),Vel=Vector3.new(-0.000,0.010,0.000),Move=Vector3.new(0.000,0,0.000),CFrame=CFrame.new(-1200.008,1850.171,158.481,-0.284608,0.159236,-0.945326,0.000000,0.986108,0.166105,0.958644,0.047275,-0.280654),FOV=70.00,Time=0.5020,WalkSpeed=90.00},
{Pos=Vector3.new(-1180.248,1845.149,164.348),Vel=Vector3.new(-0.000,0.010,0.000),Move=Vector3.new(0.000,0,0.000),CFrame=CFrame.new(-1200.008,1850.171,158.481,-0.284608,0.159236,-0.945327,0.000000,0.986108,0.166105,0.958644,0.047275,-0.280654),FOV=70.00,Time=0.5213,WalkSpeed=90.00},
{Pos=Vector3.new(-1180.248,1845.149,164.348),Vel=Vector3.new(-0.000,0.010,0.000),Move=Vector3.new(0.000,0,0.000),CFrame=CFrame.new(-1200.008,1850.171,158.481,-0.284608,0.159236,-0.945326,0.000000,0.986108,0.166105,0.958644,0.047275,-0.280654),FOV=70.00,Time=0.5408,WalkSpeed=90.00},
{Pos=Vector3.new(-1180.248,1845.149,164.348),Vel=Vector3.new(-0.000,0.010,0.000),Move=Vector3.new(0.000,0,0.000),CFrame=CFrame.new(-1200.008,1850.171,158.481,-0.284608,0.159236,-0.945327,0.000000,0.986108,0.166105,0.958644,0.047275,-0.280654),FOV=70.00,Time=0.5613,WalkSpeed=90.00},
{Pos=Vector3.new(-1180.248,1845.149,164.348),Vel=Vector3.new(-0.000,0.010,0.000),Move=Vector3.new(0.000,0,0.000),CFrame=CFrame.new(-1200.008,1850.171,158.481,-0.284608,0.159236,-0.945326,0.000000,0.986108,0.166105,0.958644,0.047275,-0.280654),FOV=70.00,Time=0.5845,WalkSpeed=90.00},
{Pos=Vector3.new(-1180.248,1845.149,164.348),Vel=Vector3.new(0.000,0.010,-0.000),Move=Vector3.new(0.000,0,0.000),CFrame=CFrame.new(-1200.008,1850.171,158.481,-0.284608,0.159236,-0.945327,0.000000,0.986108,0.166105,0.958644,0.047275,-0.280654),FOV=70.00,Time=0.6046,WalkSpeed=90.00},
{Pos=Vector3.new(-1180.248,1845.149,164.348),Vel=Vector3.new(0.000,0.010,-0.000),Move=Vector3.new(0.000,0,0.000),CFrame=CFrame.new(-1200.008,1850.171,158.481,-0.284608,0.159236,-0.945326,0.000000,0.986108,0.166105,0.958644,0.047275,-0.280654),FOV=70.00,Time=0.6215,WalkSpeed=90.00},
{Pos=Vector3.new(-1180.248,1845.149,164.348),Vel=Vector3.new(0.000,0.010,-0.000),Move=Vector3.new(0.000,0,0.000),CFrame=CFrame.new(-1200.008,1850.171,158.481,-0.284608,0.159236,-0.945327,0.000000,0.986108,0.166105,0.958644,0.047275,-0.280654),FOV=70.00,Time=0.6432,WalkSpeed=90.00},
{Pos=Vector3.new(-1179.518,1845.149,164.311),Vel=Vector3.new(35.037,0.010,-1.778),Move=Vector3.new(0.999,0,-0.051),CFrame=CFrame.new(-1200.008,1850.171,158.481,-0.284608,0.159236,-0.945326,0.000000,0.986108,0.166105,0.958644,0.047275,-0.280654),FOV=70.00,Time=0.6634,WalkSpeed=90.00},
{Pos=Vector3.new(-1178.425,1845.149,164.283),Vel=Vector3.new(45.072,0.010,-1.025),Move=Vector3.new(1.000,0,-0.022),CFrame=CFrame.new(-1199.278,1850.171,158.444,-0.284608,0.159236,-0.945327,0.000000,0.986108,0.166105,0.958644,0.047275,-0.280654),FOV=70.00,Time=0.6838,WalkSpeed=90.00},
{Pos=Vector3.new(-1176.637,1845.149,164.356),Vel=Vector3.new(89.612,0.010,3.891),Move=Vector3.new(0.999,0,0.044),CFrame=CFrame.new(-1198.185,1850.171,158.417,-0.284608,0.159236,-0.945326,0.000000,0.986108,0.166105,0.958644,0.047275,-0.280654),FOV=70.00,Time=0.7023,WalkSpeed=90.00},
{Pos=Vector3.new(-1174.765,1845.149,164.457),Vel=Vector3.new(89.866,0.010,4.885),Move=Vector3.new(0.999,0,0.054),CFrame=CFrame.new(-1196.397,1850.171,158.489,-0.284608,0.159236,-0.945327,0.000000,0.986108,0.166105,0.958644,0.047275,-0.280654),FOV=70.00,Time=0.7247,WalkSpeed=90.00},
{Pos=Vector3.new(-1173.269,1845.149,164.555),Vel=Vector3.new(89.801,0.010,5.975),Move=Vector3.new(0.998,0,0.066),CFrame=CFrame.new(-1194.525,1850.171,158.590,-0.284608,0.159236,-0.945326,0.000000,0.986108,0.166105,0.958644,0.047275,-0.280654),FOV=70.00,Time=0.7427,WalkSpeed=90.00},
{Pos=Vector3.new(-1171.397,1845.149,164.670),Vel=Vector3.new(89.832,0.010,5.491),Move=Vector3.new(0.998,0,0.061),CFrame=CFrame.new(-1193.029,1850.171,158.689,-0.284608,0.159236,-0.945327,0.000000,0.986108,0.166105,0.958644,0.047275,-0.280654),FOV=70.00,Time=0.7619,WalkSpeed=90.00},
{Pos=Vector3.new(-1169.527,1845.149,164.800),Vel=Vector3.new(89.780,0.010,6.286),Move=Vector3.new(0.998,0,0.070),CFrame=CFrame.new(-1191.157,1850.171,158.804,-0.284608,0.159236,-0.945326,0.000000,0.986108,0.166105,0.958644,0.047275,-0.280654),FOV=70.00,Time=0.7824,WalkSpeed=90.00},
{Pos=Vector3.new(-1167.657,1845.149,164.935),Vel=Vector3.new(89.767,0.010,6.478),Move=Vector3.new(0.997,0,0.072),CFrame=CFrame.new(-1189.390,1850.171,159.294,-0.267153,0.160068,-0.950267,0.000000,0.986108,0.166105,0.963654,0.044375,-0.263441),FOV=70.00,Time=0.8019,WalkSpeed=90.00},
{Pos=Vector3.new(-1166.161,1845.149,165.047),Vel=Vector3.new(89.748,0.010,6.729),Move=Vector3.new(0.997,0,0.075),CFrame=CFrame.new(-1187.608,1850.171,159.756,-0.251249,0.160777,-0.954476,0.000000,0.986108,0.166105,0.967922,0.041734,-0.247759),FOV=70.00,Time=0.8328,WalkSpeed=90.00},
{Pos=Vector3.new(-1163.170,1845.149,165.280),Vel=Vector3.new(89.727,0.010,6.999),Move=Vector3.new(0.997,0,0.078),CFrame=CFrame.new(-1186.112,1850.171,159.868,-0.251249,0.160777,-0.954476,0.000000,0.986108,0.166105,0.967922,0.041734,-0.247759),FOV=70.00,Time=0.8521,WalkSpeed=90.00},
{Pos=Vector3.new(-1161.675,1845.149,165.401),Vel=Vector3.new(89.707,0.010,7.255),Move=Vector3.new(0.997,0,0.081),CFrame=CFrame.new(-1183.232,1850.171,160.548,-0.229596,0.161668,-0.959765,0.000000,0.986108,0.166105,0.973286,0.038137,-0.226407),FOV=70.00,Time=0.8714,WalkSpeed=90.00},
{Pos=Vector3.new(-1160.178,1845.149,165.494),Vel=Vector3.new(89.831,0.010,5.518),Move=Vector3.new(0.998,0,0.061),CFrame=CFrame.new(-1181.784,1850.171,160.874,-0.219638,0.162049,-0.962029,0.000000,0.986108,0.166105,0.975581,0.036483,-0.216587),FOV=70.00,Time=0.8879,WalkSpeed=90.00},
{Pos=Vector3.new(-1157.930,1845.149,165.592),Vel=Vector3.new(89.919,0.010,3.807),Move=Vector3.new(0.999,0,0.042),CFrame=CFrame.new(-1180.334,1850.171,161.184,-0.209128,0.162432,-0.964303,0.000000,0.986108,0.166105,0.977888,0.034737,-0.206223),FOV=70.00,Time=0.9175,WalkSpeed=90.00},
{Pos=Vector3.new(-1155.681,1845.149,165.658),Vel=Vector3.new(89.961,0.010,2.654),Move=Vector3.new(1.000,0,0.029),CFrame=CFrame.new(-1178.155,1850.171,161.613,-0.193050,0.162981,-0.967558,0.000000,0.986108,0.166105,0.981189,0.032067,-0.190369),FOV=70.00,Time=0.9384,WalkSpeed=90.00},
{Pos=Vector3.new(-1153.806,1845.149,165.674),Vel=Vector3.new(89.998,0.010,0.644),Move=Vector3.new(1.000,0,0.007),CFrame=CFrame.new(-1175.967,1850.171,162.006,-0.177176,0.163477,-0.970507,0.000000,0.986108,0.166105,0.984179,0.029430,-0.174715),FOV=70.00,Time=0.9593,WalkSpeed=90.00},
{Pos=Vector3.new(-1152.306,1845.149,165.655),Vel=Vector3.new(89.992,0.010,-1.204),Move=Vector3.new(1.000,0,-0.014),CFrame=CFrame.new(-1174.141,1850.171,162.309,-0.163261,0.163877,-0.972877,0.000000,0.986108,0.166105,0.986583,0.027118,-0.160993),FOV=70.00,Time=0.9740,WalkSpeed=90.00},
{Pos=Vector3.new(-1150.806,1845.149,165.619),Vel=Vector3.new(89.972,0.010,-2.230),Move=Vector3.new(1.000,0,-0.025),CFrame=CFrame.new(-1172.680,1850.171,162.532,-0.151491,0.164188,-0.974727,0.000000,0.986108,0.166105,0.988459,0.025163,-0.149387),FOV=70.00,Time=0.9924,WalkSpeed=90.00},
{Pos=Vector3.new(-1149.307,1845.149,165.557),Vel=Vector3.new(89.919,0.010,-3.810),Move=Vector3.new(0.999,0,-0.042),CFrame=CFrame.new(-1171.216,1850.171,162.739,-0.139724,0.164476,-0.976435,0.000000,0.986108,0.166105,0.990190,0.023209,-0.137783),FOV=70.00,Time=1.0067,WalkSpeed=90.00},
{Pos=Vector3.new(-1147.810,1845.149,165.469),Vel=Vector3.new(89.839,0.010,-5.379),Move=Vector3.new(0.998,0,-0.060),CFrame=CFrame.new(-1169.464,1850.715,161.749,-0.185642,0.188769,-0.964315,0.000000,0.981374,0.192108,0.982617,0.035663,-0.182184),FOV=70.00,Time=1.0243,WalkSpeed=90.00},
{Pos=Vector3.new(-1145.935,1845.149,165.430),Vel=Vector3.new(89.983,0.010,-1.719),Move=Vector3.new(1.000,0,-0.019),CFrame=CFrame.new(-1167.573,1851.113,160.285,-0.253734,0.204246,-0.945464,0.000000,0.977452,0.211156,0.967274,0.053578,-0.248013),FOV=70.00,Time=1.0440,WalkSpeed=90.00},
{Pos=Vector3.new(-1144.437,1845.149,165.502),Vel=Vector3.new(89.878,0.010,4.654),Move=Vector3.new(0.999,0,0.052),CFrame=CFrame.new(-1165.516,1851.374,159.803,-0.276172,0.214940,-0.936766,0.000000,0.974672,0.223637,0.961108,0.061762,-0.269177),FOV=70.00,Time=1.0613,WalkSpeed=90.00},
{Pos=Vector3.new(-1142.942,1845.149,165.612),Vel=Vector3.new(89.745,0.010,6.773),Move=Vector3.new(0.997,0,0.075),CFrame=CFrame.new(-1163.782,1851.503,159.205,-0.309546,0.218521,-0.925435,0.000000,0.973236,0.229808,0.950884,0.071136,-0.301261),FOV=70.00,Time=1.0801,WalkSpeed=90.00},
{Pos=Vector3.new(-1141.450,1845.149,165.774),Vel=Vector3.new(89.454,0.010,9.894),Move=Vector3.new(0.994,0,0.110),CFrame=CFrame.new(-1162.105,1851.631,158.877,-0.331589,0.222594,-0.916788,0.000000,0.971767,0.235942,0.943424,0.078236,-0.322227),FOV=70.00,Time=1.0957,WalkSpeed=90.00},
{Pos=Vector3.new(-1139.590,1845.149,166.010),Vel=Vector3.new(89.277,0.010,11.384),Move=Vector3.new(0.992,0,0.127),CFrame=CFrame.new(-1160.308,1851.886,158.397,-0.364312,0.231077,-0.902153,0.000000,0.968727,0.248129,0.931277,0.090396,-0.352919),FOV=70.00,Time=1.1141,WalkSpeed=90.00},
{Pos=Vector3.new(-1138.107,1845.149,166.236),Vel=Vector3.new(88.945,0.010,13.737),Move=Vector3.new(0.988,0,0.153),CFrame=CFrame.new(-1158.149,1852.012,157.992,-0.396591,0.233312,-0.887852,0.000000,0.967164,0.254154,0.917995,0.100795,-0.383569),FOV=70.00,Time=1.1347,WalkSpeed=90.00},
{Pos=Vector3.new(-1136.265,1845.149,166.585),Vel=Vector3.new(88.409,0.010,16.845),Move=Vector3.new(0.982,0,0.187),CFrame=CFrame.new(-1156.541,1852.137,158.017,-0.407245,0.237594,-0.881873,0.000000,0.965570,0.260144,0.913319,0.105942,-0.393224),FOV=70.00,Time=1.1519,WalkSpeed=90.00},
{Pos=Vector3.new(-1134.795,1845.149,166.881),Vel=Vector3.new(88.208,0.010,17.871),Move=Vector3.new(0.980,0,0.199),CFrame=CFrame.new(-1154.668,1852.261,158.379,-0.407245,0.243032,-0.880390,0.000000,0.963946,0.266098,0.913319,0.108367,-0.392562),FOV=70.00,Time=1.1706,WalkSpeed=90.00},
{Pos=Vector3.new(-1132.955,1845.149,167.242),Vel=Vector3.new(88.326,0.010,17.279),Move=Vector3.new(0.981,0,0.192),CFrame=CFrame.new(-1153.197,1852.261,158.676,-0.407245,0.243032,-0.880390,0.000000,0.963946,0.266098,0.913319,0.108367,-0.392562),FOV=70.00,Time=1.1926,WalkSpeed=90.00},
{Pos=Vector3.new(-1131.482,1845.149,167.528),Vel=Vector3.new(88.353,0.010,17.138),Move=Vector3.new(0.982,0,0.190),CFrame=CFrame.new(-1151.229,1852.385,158.837,-0.417844,0.247131,-0.874261,0.000000,0.962293,0.272015,0.908519,0.113660,-0.402089),FOV=70.00,Time=1.2075,WalkSpeed=90.00},
{Pos=Vector3.new(-1130.011,1845.149,167.820),Vel=Vector3.new(88.272,0.010,17.554),Move=Vector3.new(0.981,0,0.195),CFrame=CFrame.new(-1149.756,1852.385,159.123,-0.417844,0.247131,-0.874261,0.000000,0.962293,0.272015,0.908519,0.113660,-0.402089),FOV=70.00,Time=1.2253,WalkSpeed=90.00},
{Pos=Vector3.new(-1128.537,1845.149,168.101),Vel=Vector3.new(88.416,0.010,16.811),Move=Vector3.new(0.982,0,0.187),CFrame=CFrame.new(-1148.285,1852.385,159.415,-0.417844,0.247131,-0.874261,0.000000,0.962293,0.272015,0.908519,0.113660,-0.402089),FOV=70.00,Time=1.2430,WalkSpeed=90.00},
{Pos=Vector3.new(-1126.692,1845.149,168.436),Vel=Vector3.new(88.559,0.010,16.043),Move=Vector3.new(0.984,0,0.178),CFrame=CFrame.new(-1146.812,1852.385,159.696,-0.417844,0.247131,-0.874261,0.000000,0.962293,0.272015,0.908519,0.113660,-0.402089),FOV=70.00,Time=1.2615,WalkSpeed=90.00},
{Pos=Vector3.new(-1124.845,1845.149,168.755),Vel=Vector3.new(88.695,0.010,15.271),Move=Vector3.new(0.986,0,0.170),CFrame=CFrame.new(-1144.967,1852.385,160.031,-0.417844,0.247131,-0.874261,0.000000,0.962293,0.272015,0.908519,0.113660,-0.402089),FOV=70.00,Time=1.2813,WalkSpeed=90.00},
{Pos=Vector3.new(-1123.362,1845.149,168.982),Vel=Vector3.new(88.977,0.010,13.532),Move=Vector3.new(0.989,0,0.150),CFrame=CFrame.new(-1143.119,1852.385,160.350,-0.417844,0.247131,-0.874261,0.000000,0.962293,0.272015,0.908519,0.113660,-0.402089),FOV=70.00,Time=1.2992,WalkSpeed=90.00},
{Pos=Vector3.new(-1121.877,1845.149,169.192),Vel=Vector3.new(89.123,0.010,12.534),Move=Vector3.new(0.990,0,0.139),CFrame=CFrame.new(-1141.537,1852.385,160.365,-0.428387,0.245792,-0.869523,0.000000,0.962293,0.272015,0.903595,0.116528,-0.412234),FOV=70.00,Time=1.3167,WalkSpeed=90.00},
{Pos=Vector3.new(-1120.013,1845.149,169.399),Vel=Vector3.new(89.466,0.010,9.792),Move=Vector3.new(0.994,0,0.109),CFrame=CFrame.new(-1140.052,1852.385,160.575,-0.428387,0.245792,-0.869523,0.000000,0.962293,0.272015,0.903595,0.116528,-0.412234),FOV=70.00,Time=1.3359,WalkSpeed=90.00},
{Pos=Vector3.new(-1118.515,1845.149,169.478),Vel=Vector3.new(89.888,0.010,4.464),Move=Vector3.new(0.999,0,0.049),CFrame=CFrame.new(-1138.087,1852.385,160.571,-0.438871,0.244419,-0.864668,0.000000,0.962293,0.272015,0.898550,0.119380,-0.422323),FOV=70.00,Time=1.3551,WalkSpeed=90.00},
{Pos=Vector3.new(-1117.016,1845.149,169.459),Vel=Vector3.new(89.987,0.010,-1.441),Move=Vector3.new(1.000,0,-0.017),CFrame=CFrame.new(-1136.454,1852.508,160.456,-0.449297,0.248269,-0.858193,0.000000,0.960611,0.277898,0.893383,0.124859,-0.431599),FOV=70.00,Time=1.3711,WalkSpeed=90.00},
{Pos=Vector3.new(-1115.142,1845.149,169.384),Vel=Vector3.new(89.921,0.010,-3.763),Move=Vector3.new(0.999,0,-0.042),CFrame=CFrame.new(-1134.954,1852.508,160.437,-0.449297,0.248269,-0.858193,0.000000,0.960610,0.277898,0.893383,0.124859,-0.431599),FOV=70.00,Time=1.3906,WalkSpeed=90.00},
{Pos=Vector3.new(-1113.651,1845.149,169.225),Vel=Vector3.new(89.456,0.010,-9.866),Move=Vector3.new(0.994,0,-0.110),CFrame=CFrame.new(-1132.835,1852.630,159.964,-0.469963,0.250459,-0.846407,0.000000,0.958900,0.283746,0.882686,0.133350,-0.450647),FOV=70.00,Time=1.4099,WalkSpeed=90.00},
{Pos=Vector3.new(-1112.162,1845.149,169.043),Vel=Vector3.new(89.330,0.010,-10.959),Move=Vector3.new(0.993,0,-0.122),CFrame=CFrame.new(-1131.233,1852.630,159.600,-0.480202,0.248890,-0.841107,0.000000,0.958900,0.283746,0.877158,0.136255,-0.460465),FOV=70.00,Time=1.4277,WalkSpeed=90.00},
{Pos=Vector3.new(-1109.953,1845.149,168.619),Vel=Vector3.new(88.335,0.010,-17.232),Move=Vector3.new(0.981,0,-0.192),CFrame=CFrame.new(-1129.029,1852.630,158.215,-0.540219,0.238779,-0.806937,0.000000,0.958899,0.283746,0.841524,0.153285,-0.518016),FOV=70.00,Time=1.4508,WalkSpeed=90.00},
{Pos=Vector3.new(-1108.099,1845.149,168.341),Vel=Vector3.new(89.024,0.010,-13.220),Move=Vector3.new(0.989,0,-0.147),CFrame=CFrame.new(-1126.432,1852.630,157.209,-0.569259,0.233284,-0.788367,0.000000,0.958899,0.283746,0.822158,0.161525,-0.545862),FOV=70.00,Time=1.4676,WalkSpeed=90.00},
{Pos=Vector3.new(-1106.984,1845.149,168.186),Vel=Vector3.new(89.155,0.010,-12.305),Move=Vector3.new(0.991,0,-0.136),CFrame=CFrame.new(-1123.886,1852.630,155.992,-0.616100,0.223498,-0.755295,0.000000,0.958899,0.283746,0.787668,0.174816,-0.590778),FOV=70.00,Time=1.4831,WalkSpeed=90.00},
{Pos=Vector3.new(-1105.497,1845.149,167.994),Vel=Vector3.new(89.265,0.010,-11.475),Move=Vector3.new(0.992,0,-0.127),CFrame=CFrame.new(-1121.458,1852.322,154.193,-0.695059,0.193388,-0.692456,0.000000,0.963144,0.268985,0.718953,0.186960,-0.669442),FOV=70.00,Time=1.5015,WalkSpeed=90.00},
{Pos=Vector3.new(-1103.626,1845.149,167.864),Vel=Vector3.new(89.801,0.010,-5.976),Move=Vector3.new(0.998,0,-0.066),CFrame=CFrame.new(-1118.662,1852.012,152.652,-0.758877,0.165519,-0.629849,0.000000,0.967162,0.254161,0.651235,0.192877,-0.733957),FOV=70.00,Time=1.5214,WalkSpeed=90.00},
{Pos=Vector3.new(-1102.127,1845.149,167.878),Vel=Vector3.new(89.989,0.010,1.250),Move=Vector3.new(1.000,0,0.015),CFrame=CFrame.new(-1116.089,1851.856,151.894,-0.788353,0.151792,-0.596203,0.000000,0.969085,0.246726,0.615223,0.194507,-0.763981),FOV=70.00,Time=1.5393,WalkSpeed=90.00},
{Pos=Vector3.new(-1100.253,1845.149,167.944),Vel=Vector3.new(89.940,0.010,3.279),Move=Vector3.new(0.999,0,0.037),CFrame=CFrame.new(-1113.270,1851.701,150.915,-0.835794,0.131374,-0.533095,0.000000,0.970951,0.239277,0.549044,0.199987,-0.811515),FOV=70.00,Time=1.5605,WalkSpeed=90.00},
{Pos=Vector3.new(-1098.386,1845.149,168.115),Vel=Vector3.new(89.608,0.010,8.391),Move=Vector3.new(0.996,0,0.093),CFrame=CFrame.new(-1109.806,1851.388,149.953,-0.883209,0.105209,-0.457027,0.000000,0.974512,0.224337,0.468980,0.198136,-0.860697),FOV=70.00,Time=1.5784,WalkSpeed=90.00},
{Pos=Vector3.new(-1096.907,1845.149,168.367),Vel=Vector3.new(88.643,0.010,15.553),Move=Vector3.new(0.985,0,0.174),CFrame=CFrame.new(-1106.457,1851.232,149.374,-0.918436,0.085778,-0.386156,0.000000,0.976206,0.216847,0.395568,0.199160,-0.896583),FOV=70.00,Time=1.5964,WalkSpeed=90.00},
{Pos=Vector3.new(-1095.454,1845.149,168.738),Vel=Vector3.new(87.084,0.010,22.713),Move=Vector3.new(0.967,0,0.253),CFrame=CFrame.new(-1104.332,1851.075,149.324,-0.931682,0.076049,-0.355225,0.000000,0.977842,0.209344,0.363274,0.195042,-0.911038),FOV=70.00,Time=1.6121,WalkSpeed=90.00},
{Pos=Vector3.new(-1094.012,1845.149,169.148),Vel=Vector3.new(86.535,0.010,24.733),Move=Vector3.new(0.961,0,0.275),CFrame=CFrame.new(-1102.435,1851.075,149.527,-0.939883,0.071490,-0.333930,0.000000,0.977842,0.209344,0.341497,0.196758,-0.919057),FOV=70.00,Time=1.6278,WalkSpeed=90.00},
{Pos=Vector3.new(-1092.579,1845.149,169.592),Vel=Vector3.new(85.935,0.010,26.740),Move=Vector3.new(0.955,0,0.297),CFrame=CFrame.new(-1100.090,1851.075,149.633,-0.954753,0.062258,-0.290809,0.000000,0.977842,0.209344,0.297399,0.199871,-0.933598),FOV=70.00,Time=1.6459,WalkSpeed=90.00},
{Pos=Vector3.new(-1090.815,1845.149,170.227),Vel=Vector3.new(84.596,0.010,30.717),Move=Vector3.new(0.940,0,0.341),CFrame=CFrame.new(-1097.973,1851.075,149.877,-0.964551,0.055245,-0.258050,0.000000,0.977842,0.209344,0.263897,0.201922,-0.943179),FOV=70.00,Time=1.6665,WalkSpeed=90.00},
{Pos=Vector3.new(-1089.078,1845.149,170.935),Vel=Vector3.new(83.292,0.010,34.095),Move=Vector3.new(0.925,0,0.379),CFrame=CFrame.new(-1095.979,1851.075,150.451,-0.967556,0.052892,-0.247058,0.000000,0.977842,0.209344,0.252656,0.202552,-0.946117),FOV=70.00,Time=1.6849,WalkSpeed=90.00},
{Pos=Vector3.new(-1087.371,1845.149,171.709),Vel=Vector3.new(81.895,0.010,37.324),Move=Vector3.new(0.910,0,0.415),CFrame=CFrame.new(-1094.012,1851.075,151.100,-0.970430,0.050532,-0.236033,0.000000,0.977842,0.209344,0.241382,0.203153,-0.948928),FOV=70.00,Time=1.7085,WalkSpeed=90.00},
{Pos=Vector3.new(-1086.358,1845.149,172.198),Vel=Vector3.new(81.017,0.010,39.195),Move=Vector3.new(0.900,0,0.436),CFrame=CFrame.new(-1092.305,1851.075,151.874,-0.970430,0.050532,-0.236033,0.000000,0.977842,0.209344,0.241382,0.203153,-0.948928),FOV=70.00,Time=1.7240,WalkSpeed=90.00},
{Pos=Vector3.new(-1084.688,1845.149,173.051),Vel=Vector3.new(80.075,0.010,41.084),Move=Vector3.new(0.890,0,0.457),CFrame=CFrame.new(-1091.292,1851.075,152.363,-0.970430,0.050532,-0.236033,0.000000,0.977842,0.209344,0.241382,0.203153,-0.948928),FOV=70.00,Time=1.7450,WalkSpeed=90.00},
{Pos=Vector3.new(-1083.031,1845.149,173.928),Vel=Vector3.new(79.544,0.010,42.105),Move=Vector3.new(0.884,0,0.468),CFrame=CFrame.new(-1089.622,1851.075,153.216,-0.970430,0.050532,-0.236033,0.000000,0.977842,0.209344,0.241382,0.203153,-0.948928),FOV=70.00,Time=1.7626,WalkSpeed=90.00},
{Pos=Vector3.new(-1081.390,1845.149,174.836),Vel=Vector3.new(78.696,0.010,43.668),Move=Vector3.new(0.874,0,0.485),CFrame=CFrame.new(-1087.964,1851.075,154.092,-0.970430,0.050532,-0.236033,0.000000,0.977842,0.209344,0.241382,0.203153,-0.948928),FOV=70.00,Time=1.7884,WalkSpeed=90.00},
{Pos=Vector3.new(-1079.763,1845.149,175.767),Vel=Vector3.new(78.090,0.010,44.744),Move=Vector3.new(0.868,0,0.497),CFrame=CFrame.new(-1086.324,1851.075,155.001,-0.970430,0.050532,-0.236033,0.000000,0.977842,0.209344,0.241382,0.203153,-0.948928),FOV=70.00,Time=1.8059,WalkSpeed=90.00},
{Pos=Vector3.new(-1078.467,1845.149,176.522),Vel=Vector3.new(77.777,0.010,45.285),Move=Vector3.new(0.864,0,0.503),CFrame=CFrame.new(-1084.697,1851.075,155.932,-0.970430,0.050532,-0.236033,0.000000,0.977842,0.209344,0.241382,0.203153,-0.948928),FOV=70.00,Time=1.8190,WalkSpeed=90.00},
{Pos=Vector3.new(-1076.846,1845.149,177.465),Vel=Vector3.new(77.774,0.010,45.290),Move=Vector3.new(0.864,0,0.503),CFrame=CFrame.new(-1083.400,1851.075,156.686,-0.970430,0.050532,-0.236033,0.000000,0.977842,0.209344,0.241382,0.203153,-0.948928),FOV=70.00,Time=1.8411,WalkSpeed=90.00},
{Pos=Vector3.new(-1075.550,1845.149,178.220),Vel=Vector3.new(77.774,0.010,45.290),Move=Vector3.new(0.864,0,0.503),CFrame=CFrame.new(-1081.780,1851.075,157.630,-0.970430,0.050532,-0.236033,0.000000,0.977842,0.209344,0.241382,0.203153,-0.948928),FOV=70.00,Time=1.8590,WalkSpeed=90.00},
{Pos=Vector3.new(-1073.942,1845.149,179.185),Vel=Vector3.new(77.121,0.010,46.393),Move=Vector3.new(0.857,0,0.516),CFrame=CFrame.new(-1080.483,1851.075,158.385,-0.970430,0.050532,-0.236033,0.000000,0.977842,0.209344,0.241382,0.203153,-0.948928),FOV=70.00,Time=1.8775,WalkSpeed=90.00},
{Pos=Vector3.new(-1072.652,1845.149,179.950),Vel=Vector3.new(77.439,0.010,45.861),Move=Vector3.new(0.860,0,0.510),CFrame=CFrame.new(-1078.876,1851.075,159.350,-0.970430,0.050532,-0.236033,0.000000,0.977842,0.209344,0.241382,0.203153,-0.948928),FOV=70.00,Time=1.8947,WalkSpeed=90.00},
{Pos=Vector3.new(-1071.039,1845.149,180.905),Vel=Vector3.new(77.442,0.010,45.856),Move=Vector3.new(0.860,0,0.510),CFrame=CFrame.new(-1077.586,1851.075,160.115,-0.970430,0.050532,-0.236033,0.000000,0.977842,0.209344,0.241382,0.203153,-0.948928),FOV=70.00,Time=1.9160,WalkSpeed=90.00},
{Pos=Vector3.new(-1070.071,1845.149,181.479),Vel=Vector3.new(77.437,0.010,45.863),Move=Vector3.new(0.860,0,0.510),CFrame=CFrame.new(-1075.973,1851.075,161.070,-0.970430,0.050532,-0.236033,0.000000,0.977842,0.209344,0.241382,0.203153,-0.948928),FOV=70.00,Time=1.9310,WalkSpeed=90.00},
{Pos=Vector3.new(-1068.452,1845.149,182.424),Vel=Vector3.new(77.746,0.010,45.338),Move=Vector3.new(0.864,0,0.504),CFrame=CFrame.new(-1074.774,1851.075,161.587,-0.973173,0.048165,-0.224976,0.000000,0.977842,0.209344,0.230074,0.203728,-0.951610),FOV=70.00,Time=1.9477,WalkSpeed=90.00},
{Pos=Vector3.new(-1067.164,1845.149,183.194),Vel=Vector3.new(77.220,0.010,46.229),Move=Vector3.new(0.858,0,0.514),CFrame=CFrame.new(-1072.457,1851.075,162.381,-0.980610,0.041025,-0.191628,0.000000,0.977842,0.209344,0.195971,0.205284,-0.958882),FOV=70.00,Time=1.9670,WalkSpeed=90.00},
{Pos=Vector3.new(-1065.582,1845.149,184.200),Vel=Vector3.new(75.871,0.010,48.410),Move=Vector3.new(0.843,0,0.538),CFrame=CFrame.new(-1069.758,1851.206,162.948,-0.991891,0.027400,-0.124100,0.000000,0.976482,0.215599,0.127089,0.213851,-0.968564),FOV=70.00,Time=1.9892,WalkSpeed=90.00},
{Pos=Vector3.new(-1064.066,1845.149,185.303),Vel=Vector3.new(72.661,0.010,53.106),Move=Vector3.new(0.807,0,0.590),CFrame=CFrame.new(-1067.229,1851.336,163.884,-0.996730,0.017924,-0.078791,0.000000,0.975088,0.221818,0.080804,0.221092,-0.971900),FOV=70.00,Time=2.0092,WalkSpeed=90.00},
{Pos=Vector3.new(-1062.889,1845.149,186.233),Vel=Vector3.new(70.483,0.010,55.965),Move=Vector3.new(0.783,0,0.622),CFrame=CFrame.new(-1064.292,1851.336,164.922,-0.999939,0.002458,-0.010803,0.000000,0.975088,0.221818,0.011079,0.221804,-0.975028),FOV=70.00,Time=2.0274,WalkSpeed=90.00},
{Pos=Vector3.new(-1061.207,1845.149,187.727),Vel=Vector3.new(67.154,0.010,59.919),Move=Vector3.new(0.746,0,0.666),CFrame=CFrame.new(-1061.693,1851.336,165.886,-0.998276,-0.013021,0.057238,0.000000,0.975088,0.221818,-0.058700,0.221435,-0.973407),FOV=70.00,Time=2.0507,WalkSpeed=90.00},
{Pos=Vector3.new(-1059.887,1845.149,189.058),Vel=Vector3.new(63.212,0.010,64.064),Move=Vector3.new(0.702,0,0.712),CFrame=CFrame.new(-1059.304,1851.465,167.463,-0.995619,-0.021319,0.091041,0.000000,0.973661,0.228000,-0.093504,0.227001,-0.969396),FOV=70.00,Time=2.0711,WalkSpeed=90.00},
{Pos=Vector3.new(-1058.851,1845.149,190.143),Vel=Vector3.new(62.123,0.010,65.121),Move=Vector3.new(0.690,0,0.724),CFrame=CFrame.new(-1056.342,1851.465,169.017,-0.984711,-0.039717,0.169608,0.000000,0.973661,0.228000,-0.174196,0.224514,-0.958775),FOV=70.00,Time=2.0862,WalkSpeed=90.00},
{Pos=Vector3.new(-1057.631,1845.149,191.567),Vel=Vector3.new(58.295,0.010,68.568),Move=Vector3.new(0.648,0,0.762),CFrame=CFrame.new(-1053.924,1851.593,170.427,-0.970161,-0.056771,0.235722,0.000000,0.972202,0.234144,-0.242462,0.227158,-0.943192),FOV=70.00,Time=2.1090,WalkSpeed=90.00},
{Pos=Vector3.new(-1056.253,1845.149,193.345),Vel=Vector3.new(55.038,0.010,71.209),Move=Vector3.new(0.612,0,0.791),CFrame=CFrame.new(-1051.566,1851.593,172.171,-0.954422,-0.069883,0.290164,0.000000,0.972202,0.234144,-0.298461,0.223473,-0.927891),FOV=70.00,Time=2.1322,WalkSpeed=90.00},
{Pos=Vector3.new(-1055.148,1845.149,194.860),Vel=Vector3.new(52.984,0.010,72.751),Move=Vector3.new(0.589,0,0.808),CFrame=CFrame.new(-1049.070,1851.593,174.335,-0.935453,-0.082759,0.343626,0.000000,0.972202,0.234144,-0.353451,0.219031,-0.909449),FOV=70.00,Time=2.1574,WalkSpeed=90.00},
{Pos=Vector3.new(-1054.088,1845.149,196.406),Vel=Vector3.new(50.837,0.010,74.267),Move=Vector3.new(0.565,0,0.825),CFrame=CFrame.new(-1046.641,1851.437,176.363,-0.908519,-0.094714,0.406968,0.000000,0.973971,0.226672,-0.417844,0.205936,-0.884871),FOV=70.00,Time=2.1795,WalkSpeed=90.00},
{Pos=Vector3.new(-1052.704,1845.149,198.636),Vel=Vector3.new(47.356,0.010,76.534),Move=Vector3.new(0.526,0,0.850),CFrame=CFrame.new(-1044.087,1851.281,178.632,-0.871512,-0.107483,0.478450,0.000000,0.975683,0.219186,-0.490374,0.191023,-0.850319),FOV=70.00,Time=2.2047,WalkSpeed=90.00},
{Pos=Vector3.new(-1051.250,1845.149,201.261),Vel=Vector3.new(43.542,0.010,78.766),Move=Vector3.new(0.484,0,0.875),CFrame=CFrame.new(-1040.495,1851.124,182.257,-0.801791,-0.126505,0.584062,0.000000,0.977338,0.211686,-0.597605,0.169728,-0.783620),FOV=70.00,Time=2.2373,WalkSpeed=90.00},
{Pos=Vector3.new(-1050.544,1845.149,202.998),Vel=Vector3.new(33.855,0.010,83.389),Move=Vector3.new(0.376,0,0.927),CFrame=CFrame.new(-1037.929,1851.124,185.772,-0.758151,-0.138036,0.637302,0.000000,0.977338,0.211686,-0.652080,0.160490,-0.740969),FOV=70.00,Time=2.2591,WalkSpeed=90.00},
{Pos=Vector3.new(-1049.703,1845.149,205.484),Vel=Vector3.new(28.674,0.010,85.310),Move=Vector3.new(0.319,0,0.948),CFrame=CFrame.new(-1036.007,1851.124,188.644,-0.702585,-0.150636,0.695473,0.000000,0.977338,0.211686,-0.711599,0.148728,-0.686663),FOV=70.00,Time=2.2878,WalkSpeed=90.00},
{Pos=Vector3.new(-1049.166,1845.149,207.669),Vel=Vector3.new(21.394,0.010,87.420),Move=Vector3.new(0.238,0,0.971),CFrame=CFrame.new(-1034.674,1851.124,191.647,-0.677323,-0.155735,0.719013,0.000000,0.977338,0.211686,-0.735686,0.143380,-0.661973),FOV=70.00,Time=2.3135,WalkSpeed=90.00},
{Pos=Vector3.new(-1048.735,1845.149,209.877),Vel=Vector3.new(17.126,0.010,88.356),Move=Vector3.new(0.190,0,0.982),CFrame=CFrame.new(-1033.663,1851.124,194.365,-0.651235,-0.160644,0.741678,0.000000,0.977338,0.211686,-0.758876,0.137858,-0.636477),FOV=70.00,Time=2.3373,WalkSpeed=90.00},
{Pos=Vector3.new(-1048.502,1845.149,212.115),Vel=Vector3.new(9.142,0.010,89.534),Move=Vector3.new(0.102,0,0.995),CFrame=CFrame.new(-1032.485,1851.124,197.497,-0.606008,-0.168388,0.777431,0.000000,0.977338,0.211686,-0.795458,0.128284,-0.592275),FOV=70.00,Time=2.3633,WalkSpeed=90.00},
{Pos=Vector3.new(-1048.570,1845.149,215.114),Vel=Vector3.new(-2.241,0.010,89.972),Move=Vector3.new(-0.025,0,1.000),CFrame=CFrame.new(-1031.829,1851.124,200.309,-0.577878,-0.172762,0.797628,0.000000,0.977338,0.211686,-0.816123,0.122329,-0.564782),FOV=70.00,Time=2.3987,WalkSpeed=90.00},
{Pos=Vector3.new(-1049.181,1845.149,218.813),Vel=Vector3.new(-14.692,0.010,88.793),Move=Vector3.new(-0.163,0,0.987),CFrame=CFrame.new(-1031.263,1851.254,204.313,-0.529447,-0.184878,0.827953,0.000000,0.975965,0.217928,-0.848343,0.115382,-0.516722),FOV=70.00,Time=2.4408,WalkSpeed=90.00},
{Pos=Vector3.new(-1049.867,1845.149,220.956),Vel=Vector3.new(-27.433,0.010,85.717),Move=Vector3.new(-0.305,0,0.952),CFrame=CFrame.new(-1031.163,1851.254,209.246,-0.468980,-0.192476,0.861981,0.000000,0.975965,0.217928,-0.883209,0.102204,-0.457708),FOV=70.00,Time=2.4616,WalkSpeed=90.00},
{Pos=Vector3.new(-1050.879,1845.149,222.964),Vel=Vector3.new(-40.993,0.010,80.121),Move=Vector3.new(-0.456,0,0.890),CFrame=CFrame.new(-1031.003,1851.514,213.347,-0.374091,-0.213605,0.902457,0.000000,0.973113,0.230329,-0.927392,0.086164,-0.364032),FOV=70.00,Time=2.4884,WalkSpeed=90.00},
{Pos=Vector3.new(-1053.123,1845.149,225.968),Vel=Vector3.new(-53.993,0.010,72.005),Move=Vector3.new(-0.600,0,0.800),CFrame=CFrame.new(-1031.549,1851.897,216.943,-0.297399,-0.237442,0.924757,0.000000,0.968582,0.248694,-0.954753,0.073961,-0.288055),FOV=70.00,Time=2.5286,WalkSpeed=90.00},
{Pos=Vector3.new(-1055.260,1845.149,228.073),Vel=Vector3.new(-64.130,0.010,63.145),Move=Vector3.new(-0.713,0,0.702),CFrame=CFrame.new(-1033.431,1852.149,221.554,-0.218735,-0.254415,0.942034,0.000000,0.965412,0.260729,-0.975784,0.057030,-0.211169),FOV=70.00,Time=2.5625,WalkSpeed=90.00},
{Pos=Vector3.new(-1056.774,1845.149,229.180),Vel=Vector3.new(-72.646,0.010,53.127),Move=Vector3.new(-0.807,0,0.590),CFrame=CFrame.new(-1035.414,1852.398,224.823,-0.161629,-0.269034,0.949472,0.000000,0.962122,0.272619,-0.986851,0.044063,-0.155507),FOV=70.00,Time=2.5911,WalkSpeed=90.00},
{Pos=Vector3.new(-1059.330,1845.149,230.751),Vel=Vector3.new(-76.722,0.010,47.051),Move=Vector3.new(-0.852,0,0.523),CFrame=CFrame.new(-1036.925,1852.521,226.166,-0.150135,-0.275341,0.949551,0.000000,0.960437,0.278498,-0.988666,0.041812,-0.144195),FOV=70.00,Time=2.6153,WalkSpeed=90.00},
{Pos=Vector3.new(-1061.665,1845.149,231.949),Vel=Vector3.new(-80.140,0.010,40.958),Move=Vector3.new(-0.890,0,0.455),CFrame=CFrame.new(-1039.424,1852.643,228.435,-0.115539,-0.282437,0.952302,0.000000,0.958723,0.284341,-0.993303,0.032853,-0.110770),FOV=70.00,Time=2.6478,WalkSpeed=90.00},
{Pos=Vector3.new(-1063.772,1845.149,232.738),Vel=Vector3.new(-84.300,0.010,31.519),Move=Vector3.new(-0.937,0,0.350),CFrame=CFrame.new(-1041.769,1852.764,229.870,-0.103975,-0.288578,0.951794,0.000000,0.956981,0.290150,-0.994580,0.030168,-0.099502),FOV=70.00,Time=2.6715,WalkSpeed=90.00},
{Pos=Vector3.new(-1065.916,1845.149,233.420),Vel=Vector3.new(-85.809,0.010,27.144),Move=Vector3.new(-0.953,0,0.302),CFrame=CFrame.new(-1043.876,1852.764,230.658,-0.103975,-0.288578,0.951794,0.000000,0.956981,0.290150,-0.994580,0.030168,-0.099502),FOV=70.00,Time=2.6987,WalkSpeed=90.00},
{Pos=Vector3.new(-1067.718,1845.149,233.937),Vel=Vector3.new(-86.514,0.010,24.804),Move=Vector3.new(-0.961,0,0.276),CFrame=CFrame.new(-1046.021,1852.764,231.340,-0.103975,-0.288578,0.951794,0.000000,0.956981,0.290150,-0.994580,0.030168,-0.099502),FOV=70.00,Time=2.7206,WalkSpeed=90.00},
{Pos=Vector3.new(-1070.622,1845.149,234.690),Vel=Vector3.new(-87.140,0.010,22.507),Move=Vector3.new(-0.968,0,0.250),CFrame=CFrame.new(-1047.823,1852.764,231.857,-0.103975,-0.288578,0.951794,0.000000,0.956981,0.290150,-0.994580,0.030168,-0.099502),FOV=70.00,Time=2.7497,WalkSpeed=90.00},
{Pos=Vector3.new(-1073.167,1845.149,235.329),Vel=Vector3.new(-87.289,0.010,21.923),Move=Vector3.new(-0.970,0,0.244),CFrame=CFrame.new(-1050.436,1852.853,232.579,-0.103975,-0.288578,0.951794,0.000000,0.956981,0.290150,-0.994580,0.030168,-0.099502),FOV=70.00,Time=2.7910,WalkSpeed=90.00},
{Pos=Vector3.new(-1076.440,1845.149,236.151),Vel=Vector3.new(-87.289,0.010,21.923),Move=Vector3.new(-0.970,0,0.244),CFrame=CFrame.new(-1050.448,1853.625,232.954,-0.103975,-0.288578,0.951794,0.000000,0.956981,0.290150,-0.994580,0.030168,-0.099502),FOV=70.00,Time=2.8211,WalkSpeed=90.00},
{Pos=Vector3.new(-1078.623,1845.149,236.698),Vel=Vector3.new(-87.307,0.010,21.850),Move=Vector3.new(-0.970,0,0.243),CFrame=CFrame.new(-1049.976,1854.766,233.385,-0.103975,-0.288578,0.951794,0.000000,0.956981,0.290150,-0.994580,0.030168,-0.099502),FOV=70.00,Time=2.8443,WalkSpeed=90.00},
{Pos=Vector3.new(-1082.255,1845.149,237.632),Vel=Vector3.new(-87.160,0.010,22.431),Move=Vector3.new(-0.968,0,0.249),CFrame=CFrame.new(-1048.521,1855.875,233.551,-0.103975,-0.288578,0.951794,0.000000,0.956981,0.290150,-0.994580,0.030168,-0.099502),FOV=70.00,Time=2.8811,WalkSpeed=90.00},
{Pos=Vector3.new(-1084.780,1845.149,238.350),Vel=Vector3.new(-86.566,0.010,24.622),Move=Vector3.new(-0.962,0,0.274),CFrame=CFrame.new(-1045.906,1857.780,233.832,-0.103975,-0.288578,0.951794,0.000000,0.956981,0.290150,-0.994580,0.030168,-0.099502),FOV=70.00,Time=2.9107,WalkSpeed=90.00},
