local RunService = game:GetService("RunService")
local Players = game:GetService("Players")
local lp = Players.LocalPlayer
local cam = workspace.CurrentCamera
local char = lp.Character or lp.CharacterAdded:Wait()
local hrp = char:WaitForChild("HumanoidRootPart")
local hum = char:WaitForChild("Humanoid")

local originalCamType = cam.CameraType
local originalAutoRotate = hum.AutoRotate
local originalWalkSpeed = hum.WalkSpeed
local originalHipHeight = hum.HipHeight

hum.AutoRotate = false
cam.CameraType = Enum.CameraType.Scriptable

local frames = {
{Pos=Vector3.new(-1135.859,1845.149,303.497),Vel=Vector3.new(-9.688,0.010,-31.022),Move=Vector3.new(-0.298,0,-0.955),CFrame=CFrame.new(-1137.088,1856.109,328.722,0.998308,0.020759,-0.054312,0.000000,0.934095,0.357026,0.058144,-0.356422,0.932514),hrpCFrame=CFrame.new(-1135.859,1845.149,303.497,0.946746,0.000000,0.321980,-0.000000,1.000000,-0.000000,-0.321980,0.000000,0.946746),FOV=70.00,Time=0.0000,WalkSpeed=32.50},
{Pos=Vector3.new(-1135.999,1845.149,302.974),Vel=Vector3.new(-8.301,0.010,-31.422),Move=Vector3.new(-0.255,0,-0.967),CFrame=CFrame.new(-1137.291,1856.109,328.076,0.998308,0.020759,-0.054312,0.000000,0.934095,0.357026,0.058144,-0.356422,0.932514),hrpCFrame=CFrame.new(-1135.999,1845.149,302.974,0.949146,0.000000,0.314837,-0.000000,1.000000,-0.000000,-0.314837,0.000000,0.949146),FOV=70.00,Time=0.0182,WalkSpeed=32.50},
{Pos=Vector3.new(-1136.119,1845.149,302.446),Vel=Vector3.new(-7.127,0.010,-31.709),Move=Vector3.new(-0.219,0,-0.976),CFrame=CFrame.new(-1137.430,1856.109,327.552,0.998308,0.020759,-0.054312,0.000000,0.934095,0.357026,0.058144,-0.356422,0.932514),hrpCFrame=CFrame.new(-1136.119,1845.149,302.446,0.952801,0.000000,0.303597,-0.000000,1.000000,-0.000000,-0.303597,0.000000,0.952801),FOV=70.00,Time=0.0338,WalkSpeed=32.50},
{Pos=Vector3.new(-1136.231,1845.149,301.916),Vel=Vector3.new(-6.712,0.010,-31.800),Move=Vector3.new(-0.207,0,-0.978),CFrame=CFrame.new(-1137.551,1856.109,327.024,0.998308,0.020759,-0.054312,0.000000,0.934095,0.357026,0.058144,-0.356422,0.932514),hrpCFrame=CFrame.new(-1136.231,1845.149,301.916,0.956717,0.000000,0.291021,-0.000000,1.000000,-0.000000,-0.291021,0.000000,0.956717),FOV=70.00,Time=0.0490,WalkSpeed=32.50},
{Pos=Vector3.new(-1136.306,1845.149,301.516),Vel=Vector3.new(-5.918,0.010,-31.957),Move=Vector3.new(-0.182,0,-0.983),CFrame=CFrame.new(-1137.663,1856.109,326.494,0.998308,0.020759,-0.054312,0.000000,0.934095,0.357026,0.058144,-0.356422,0.932514),hrpCFrame=CFrame.new(-1136.306,1845.149,301.516,0.959799,0.000000,0.280687,-0.000000,1.000000,-0.000000,-0.280687,0.000000,0.959799),FOV=70.00,Time=0.0645,WalkSpeed=32.50},
{Pos=Vector3.new(-1136.391,1845.149,300.982),Vel=Vector3.new(-5.055,0.010,-32.105),Move=Vector3.new(-0.155,0,-0.988),CFrame=CFrame.new(-1137.738,1856.109,326.095,0.998308,0.020759,-0.054312,0.000000,0.934095,0.357026,0.058144,-0.356422,0.932514),hrpCFrame=CFrame.new(-1136.391,1845.149,300.982,0.964262,0.000000,0.264950,-0.000000,1.000000,-0.000000,-0.264950,0.000000,0.964262),FOV=70.00,Time=0.0814,WalkSpeed=32.50},
{Pos=Vector3.new(-1136.493,1845.149,300.312),Vel=Vector3.new(-4.867,0.010,-32.134),Move=Vector3.new(-0.150,0,-0.989),CFrame=CFrame.new(-1137.823,1856.109,325.560,0.998308,0.020759,-0.054312,0.000000,0.934095,0.357026,0.058144,-0.356422,0.932514),hrpCFrame=CFrame.new(-1136.493,1845.149,300.312,0.969361,0.000000,0.245639,-0.000000,1.000000,-0.000000,-0.245639,0.000000,0.969361),FOV=70.00,Time=0.0996,WalkSpeed=32.50},
{Pos=Vector3.new(-1136.564,1845.149,299.775),Vel=Vector3.new(-4.222,0.010,-32.225),Move=Vector3.new(-0.130,0,-0.992),CFrame=CFrame.new(-1137.925,1856.109,324.891,0.998308,0.020759,-0.054312,0.000000,0.934095,0.357026,0.058144,-0.356422,0.932514),hrpCFrame=CFrame.new(-1136.564,1845.149,299.775,0.973103,0.000000,0.230369,-0.000000,1.000000,-0.000000,-0.230369,0.000000,0.973103),FOV=70.00,Time=0.1176,WalkSpeed=32.50},
{Pos=Vector3.new(-1136.629,1845.149,299.237),Vel=Vector3.new(-3.827,0.010,-32.275),Move=Vector3.new(-0.118,0,-0.993),CFrame=CFrame.new(-1137.996,1856.109,324.354,0.998308,0.020759,-0.054312,0.000000,0.934095,0.357026,0.058144,-0.356422,0.932514),hrpCFrame=CFrame.new(-1136.629,1845.149,299.237,0.976532,0.000000,0.215373,-0.000000,1.000000,-0.000000,-0.215373,0.000000,0.976532),FOV=70.00,Time=0.1326,WalkSpeed=32.50},
{Pos=Vector3.new(-1136.686,1845.149,298.699),Vel=Vector3.new(-3.408,0.010,-32.321),Move=Vector3.new(-0.105,0,-0.994),CFrame=CFrame.new(-1138.060,1856.109,323.816,0.998308,0.020759,-0.054312,0.000000,0.934095,0.357026,0.058144,-0.356422,0.932514),hrpCFrame=CFrame.new(-1136.686,1845.149,298.699,0.979659,0.000000,0.200668,-0.000000,1.000000,-0.000000,-0.200668,0.000000,0.979659),FOV=70.00,Time=0.1505,WalkSpeed=32.50},
{Pos=Vector3.new(-1136.740,1845.149,298.160),Vel=Vector3.new(-3.199,0.010,-32.343),Move=Vector3.new(-0.099,0,-0.995),CFrame=CFrame.new(-1138.117,1856.109,323.277,0.998308,0.020759,-0.054312,0.000000,0.934095,0.357026,0.058144,-0.356422,0.932514),hrpCFrame=CFrame.new(-1136.740,1845.149,298.160,0.982398,0.000000,0.186798,-0.000000,1.000000,-0.000000,-0.186798,0.000000,0.982398),FOV=70.00,Time=0.1657,WalkSpeed=32.50},
{Pos=Vector3.new(-1136.792,1845.149,297.621),Vel=Vector3.new(-3.170,0.010,-32.346),Move=Vector3.new(-0.098,0,-0.995),CFrame=CFrame.new(-1138.171,1856.109,322.738,0.998308,0.020759,-0.054312,0.000000,0.934095,0.357026,0.058144,-0.356422,0.932514),hrpCFrame=CFrame.new(-1136.792,1845.149,297.621,0.984672,0.000000,0.174415,-0.000000,1.000000,-0.000000,-0.174415,0.000000,0.984672),FOV=70.00,Time=0.1836,WalkSpeed=32.50},
{Pos=Vector3.new(-1136.832,1845.149,297.216),Vel=Vector3.new(-3.143,0.010,-32.348),Move=Vector3.new(-0.097,0,-0.995),CFrame=CFrame.new(-1138.224,1856.109,322.199,0.998308,0.020759,-0.054312,0.000000,0.934095,0.357026,0.058144,-0.356422,0.932514),hrpCFrame=CFrame.new(-1136.832,1845.149,297.216,0.986091,0.000000,0.166208,-0.000000,1.000000,-0.000000,-0.166208,0.000000,0.986091),FOV=70.00,Time=0.1979,WalkSpeed=32.50},
{Pos=Vector3.new(-1136.884,1845.149,296.677),Vel=Vector3.new(-3.143,0.010,-32.348),Move=Vector3.new(-0.097,0,-0.995),CFrame=CFrame.new(-1138.263,1856.109,321.795,0.998308,0.020759,-0.054312,0.000000,0.934095,0.357026,0.058144,-0.356422,0.932514),hrpCFrame=CFrame.new(-1136.884,1845.149,296.677,0.987669,0.000000,0.156556,-0.000000,1.000000,-0.000000,-0.156556,0.000000,0.987669),FOV=70.00,Time=0.2149,WalkSpeed=32.50},
{Pos=Vector3.new(-1136.933,1845.149,296.138),Vel=Vector3.new(-2.942,0.010,-32.367),Move=Vector3.new(-0.091,0,-0.996),CFrame=CFrame.new(-1138.315,1856.109,321.256,0.998308,0.020759,-0.054312,0.000000,0.934095,0.357026,0.058144,-0.356422,0.932514),hrpCFrame=CFrame.new(-1136.933,1845.149,296.138,0.989047,0.000000,0.147604,-0.000000,1.000000,-0.000000,-0.147604,0.000000,0.989047),FOV=70.00,Time=0.2325,WalkSpeed=32.50},
{Pos=Vector3.new(-1136.970,1845.149,295.733),Vel=Vector3.new(-2.915,0.010,-32.369),Move=Vector3.new(-0.090,0,-0.996),CFrame=CFrame.new(-1138.365,1856.109,320.716,0.998308,0.020759,-0.054312,0.000000,0.934095,0.357026,0.058144,-0.356422,0.932514),hrpCFrame=CFrame.new(-1136.970,1845.149,295.733,0.989936,0.000000,0.141519,-0.000000,1.000000,-0.000000,-0.141519,0.000000,0.989936),FOV=70.00,Time=0.2452,WalkSpeed=32.50},
{Pos=Vector3.new(-1137.018,1845.149,295.194),Vel=Vector3.new(-2.915,0.010,-32.369),Move=Vector3.new(-0.090,0,-0.996),CFrame=CFrame.new(-1138.401,1856.109,320.312,0.998308,0.020759,-0.054312,0.000000,0.934095,0.357026,0.058144,-0.356422,0.932514),hrpCFrame=CFrame.new(-1137.018,1845.149,295.194,0.990938,0.000000,0.134321,-0.000000,1.000000,-0.000000,-0.134321,0.000000,0.990938),FOV=70.00,Time=0.2612,WalkSpeed=32.50},
{Pos=Vector3.new(-1137.067,1845.149,294.654),Vel=Vector3.new(-2.915,0.010,-32.369),Move=Vector3.new(-0.090,0,-0.996),CFrame=CFrame.new(-1138.450,1856.109,319.772,0.998308,0.020759,-0.054312,0.000000,0.934095,0.357026,0.058144,-0.356422,0.932514),hrpCFrame=CFrame.new(-1137.067,1845.149,294.654,0.991766,0.000000,0.128064,-0.000000,1.000000,-0.000000,-0.128064,0.000000,0.991766),FOV=70.00,Time=0.2782,WalkSpeed=32.50},
{Pos=Vector3.new(-1137.118,1845.149,294.115),Vel=Vector3.new(-3.089,0.010,-32.353),Move=Vector3.new(-0.095,0,-0.995),CFrame=CFrame.new(-1138.498,1856.109,319.233,0.998308,0.020759,-0.054312,0.000000,0.934095,0.357026,0.058144,-0.356422,0.932514),hrpCFrame=CFrame.new(-1137.118,1845.149,294.115,0.992386,0.000000,0.123169,-0.000000,1.000000,-0.000000,-0.123169,0.000000,0.992386),FOV=70.00,Time=0.2942,WalkSpeed=32.50},
{Pos=Vector3.new(-1137.169,1845.149,293.576),Vel=Vector3.new(-3.091,0.010,-32.353),Move=Vector3.new(-0.095,0,-0.995),CFrame=CFrame.new(-1138.549,1856.109,318.694,0.998308,0.020759,-0.054312,0.000000,0.934095,0.357026,0.058144,-0.356422,0.932514),hrpCFrame=CFrame.new(-1137.169,1845.149,293.576,0.992873,0.000000,0.119179,0.000000,1.000000,-0.000000,-0.119179,0.000000,0.992873),FOV=70.00,Time=0.3087,WalkSpeed=32.50},
{Pos=Vector3.new(-1137.221,1845.149,293.037),Vel=Vector3.new(-3.064,0.010,-32.355),Move=Vector3.new(-0.094,0,-0.996),CFrame=CFrame.new(-1138.601,1856.109,318.155,0.998308,0.020759,-0.054312,0.000000,0.934095,0.357026,0.058144,-0.356422,0.932514),hrpCFrame=CFrame.new(-1137.221,1845.149,293.037,0.993283,0.000000,0.115711,0.000000,1.000000,-0.000000,-0.115711,0.000000,0.993283),FOV=70.00,Time=0.3283,WalkSpeed=32.50},
{Pos=Vector3.new(-1137.301,1845.149,292.228),Vel=Vector3.new(-3.211,0.010,-32.341),Move=Vector3.new(-0.099,0,-0.995),CFrame=CFrame.new(-1138.652,1856.109,317.615,0.998308,0.020759,-0.054312,0.000000,0.934095,0.357026,0.058144,-0.356422,0.932514),hrpCFrame=CFrame.new(-1137.301,1845.149,292.228,0.993713,0.000000,0.111962,0.000000,1.000000,-0.000000,-0.111962,0.000000,0.993713),FOV=70.00,Time=0.3540,WalkSpeed=32.50},
{Pos=Vector3.new(-1137.394,1845.149,291.285),Vel=Vector3.new(-3.184,0.010,-32.344),Move=Vector3.new(-0.098,0,-0.995),CFrame=CFrame.new(-1138.732,1856.109,316.807,0.998308,0.020759,-0.054312,0.000000,0.934095,0.357026,0.058144,-0.356422,0.932514),hrpCFrame=CFrame.new(-1137.394,1845.149,291.285,0.994090,0.000000,0.108557,0.000000,1.000000,-0.000000,-0.108557,0.000000,0.994090),FOV=70.00,Time=0.3802,WalkSpeed=32.50},
{Pos=Vector3.new(-1137.447,1845.149,290.746),Vel=Vector3.new(-3.157,0.010,-32.346),Move=Vector3.new(-0.097,0,-0.995),CFrame=CFrame.new(-1138.825,1856.109,315.863,0.998308,0.020759,-0.054312,0.000000,0.934095,0.357026,0.058144,-0.356422,0.932514),hrpCFrame=CFrame.new(-1137.447,1845.149,290.746,0.994267,0.000000,0.106929,0.000000,1.000000,-0.000000,-0.106929,0.000000,0.994267),FOV=70.00,Time=0.3980,WalkSpeed=32.50},
{Pos=Vector3.new(-1137.498,1845.149,290.206),Vel=Vector3.new(-3.105,0.010,-32.351),Move=Vector3.new(-0.096,0,-0.995),CFrame=CFrame.new(-1138.878,1856.109,315.324,0.998308,0.020759,-0.054312,0.000000,0.934095,0.357026,0.058144,-0.356422,0.932514),hrpCFrame=CFrame.new(-1137.498,1845.149,290.206,0.994430,0.000000,0.105399,0.000000,1.000000,-0.000000,-0.105399,0.000000,0.994430),FOV=70.00,Time=0.4143,WalkSpeed=32.50},
{Pos=Vector3.new(-1137.537,1845.149,289.802),Vel=Vector3.new(-3.104,0.010,-32.351),Move=Vector3.new(-0.096,0,-0.995),CFrame=CFrame.new(-1138.930,1856.109,314.785,0.998308,0.020759,-0.054312,0.000000,0.934095,0.357026,0.058144,-0.356422,0.932514),hrpCFrame=CFrame.new(-1137.537,1845.149,289.802,0.994540,0.000000,0.104354,0.000000,1.000000,-0.000000,-0.104354,0.000000,0.994540),FOV=70.00,Time=0.4281,WalkSpeed=32.50},
{Pos=Vector3.new(-1137.601,1845.149,289.128),Vel=Vector3.new(-3.078,0.010,-32.354),Move=Vector3.new(-0.095,0,-0.996),CFrame=CFrame.new(-1138.969,1856.109,314.381,0.998308,0.020759,-0.054312,0.000000,0.934095,0.357026,0.058144,-0.356422,0.932514),hrpCFrame=CFrame.new(-1137.601,1845.149,289.128,0.994710,0.000000,0.102728,0.000000,1.000000,-0.000000,-0.102728,0.000000,0.994710),FOV=70.00,Time=0.4442,WalkSpeed=32.50},
{Pos=Vector3.new(-1137.640,1845.149,288.724),Vel=Vector3.new(-3.078,0.010,-32.354),Move=Vector3.new(-0.095,0,-0.996),CFrame=CFrame.new(-1139.033,1856.109,313.707,0.998308,0.020759,-0.054312,0.000000,0.934095,0.357026,0.058144,-0.356422,0.932514),hrpCFrame=CFrame.new(-1137.640,1845.149,288.724,0.994798,0.000000,0.101866,0.000000,1.000000,-0.000000,-0.101866,0.000000,0.994798),FOV=70.00,Time=0.4619,WalkSpeed=32.50},
{Pos=Vector3.new(-1137.720,1845.149,287.915),Vel=Vector3.new(-3.220,0.010,-32.340),Move=Vector3.new(-0.099,0,-0.995),CFrame=CFrame.new(-1139.071,1856.109,313.302,0.998308,0.020759,-0.054312,0.000000,0.934095,0.357026,0.058144,-0.356422,0.932514),hrpCFrame=CFrame.new(-1137.720,1845.149,287.915,0.994880,-0.000000,0.101061,-0.000000,1.000000,0.000000,-0.101061,-0.000000,0.994880),FOV=70.00,Time=0.4877,WalkSpeed=32.50},
{Pos=Vector3.new(-1137.793,1845.149,287.242),Vel=Vector3.new(-3.525,0.010,-32.308),Move=Vector3.new(-0.108,0,-0.994),CFrame=CFrame.new(-1139.152,1856.109,312.494,0.998308,0.020759,-0.054312,0.000000,0.934095,0.357026,0.058144,-0.356422,0.932514),hrpCFrame=CFrame.new(-1137.793,1845.149,287.242,0.994801,-0.000000,0.101842,-0.000000,1.000000,0.000000,-0.101842,-0.000000,0.994801),FOV=70.00,Time=0.5052,WalkSpeed=32.50},
{Pos=Vector3.new(-1137.855,1845.149,286.704),Vel=Vector3.new(-3.689,0.010,-32.290),Move=Vector3.new(-0.114,0,-0.994),CFrame=CFrame.new(-1139.225,1856.109,311.821,0.998308,0.020759,-0.054312,0.000000,0.934095,0.357026,0.058144,-0.356422,0.932514),hrpCFrame=CFrame.new(-1137.855,1845.149,286.704,0.994661,-0.000000,0.103196,-0.000000,1.000000,0.000000,-0.103196,-0.000000,0.994661),FOV=70.00,Time=0.5257,WalkSpeed=32.50},
{Pos=Vector3.new(-1137.955,1845.149,285.898),Vel=Vector3.new(-4.020,0.010,-32.250),Move=Vector3.new(-0.124,0,-0.992),CFrame=CFrame.new(-1139.286,1856.109,311.282,0.998308,0.020759,-0.054312,0.000000,0.934095,0.357026,0.058144,-0.356422,0.932514),hrpCFrame=CFrame.new(-1137.955,1845.149,285.898,0.994273,-0.000000,0.106874,-0.000000,1.000000,0.000000,-0.106874,-0.000000,0.994273),FOV=70.00,Time=0.5453,WalkSpeed=32.50},
{Pos=Vector3.new(-1138.070,1845.149,285.093),Vel=Vector3.new(-4.641,0.010,-32.167),Move=Vector3.new(-0.143,0,-0.990),CFrame=CFrame.new(-1139.386,1856.109,310.476,0.998308,0.020759,-0.054312,0.000000,0.934095,0.357026,0.058144,-0.356422,0.932514),hrpCFrame=CFrame.new(-1138.070,1845.149,285.093,0.993555,0.000000,0.113351,-0.000000,1.000000,-0.000000,-0.113351,0.000000,0.993555),FOV=70.00,Time=0.5746,WalkSpeed=32.50},
{Pos=Vector3.new(-1138.246,1845.149,284.024),Vel=Vector3.new(-5.285,0.010,-32.067),Move=Vector3.new(-0.163,0,-0.987),CFrame=CFrame.new(-1139.502,1856.109,309.672,0.998308,0.020759,-0.054312,0.000000,0.934095,0.357026,0.058144,-0.356422,0.932514),hrpCFrame=CFrame.new(-1138.246,1845.149,284.024,0.992050,0.000000,0.125848,0.000000,1.000000,-0.000000,-0.125848,0.000000,0.992050),FOV=70.00,Time=0.6065,WalkSpeed=32.50},
{Pos=Vector3.new(-1138.604,1845.149,282.439),Vel=Vector3.new(-7.168,0.010,-31.700),Move=Vector3.new(-0.220,0,-0.975),CFrame=CFrame.new(-1139.677,1856.109,308.603,0.998308,0.020759,-0.054312,0.000000,0.934095,0.357026,0.058144,-0.356422,0.932514),hrpCFrame=CFrame.new(-1138.604,1845.149,282.439,0.986842,0.000000,0.161690,0.000000,1.000000,-0.000000,-0.161690,0.000000,0.986842),FOV=70.00,Time=0.6602,WalkSpeed=32.50},
{Pos=Vector3.new(-1138.824,1845.149,281.658),Vel=Vector3.new(-8.862,0.010,-31.269),Move=Vector3.new(-0.272,0,-0.962),CFrame=CFrame.new(-1140.035,1856.109,307.018,0.998308,0.020759,-0.054312,0.000000,0.934095,0.357026,0.058144,-0.356422,0.932514),hrpCFrame=CFrame.new(-1138.824,1845.149,281.658,0.983062,0.000000,0.183272,0.000000,1.000000,-0.000000,-0.183272,0.000000,0.983062),FOV=70.00,Time=0.6801,WalkSpeed=32.50},
{Pos=Vector3.new(-1139.026,1845.149,281.011),Vel=Vector3.new(-9.715,0.010,-31.015),Move=Vector3.new(-0.299,0,-0.954),CFrame=CFrame.new(-1140.256,1856.109,306.236,0.998308,0.020759,-0.054312,0.000000,0.934095,0.357026,0.058144,-0.356422,0.932514),hrpCFrame=CFrame.new(-1139.026,1845.149,281.011,0.979288,0.000000,0.202474,0.000000,1.000000,-0.000000,-0.202474,0.000000,0.979288),FOV=70.00,Time=0.7000,WalkSpeed=32.50},
{Pos=Vector3.new(-1139.203,1845.149,280.499),Vel=Vector3.new(-10.701,0.010,-30.689),Move=Vector3.new(-0.329,0,-0.944),CFrame=CFrame.new(-1140.457,1856.109,305.590,0.998308,0.020759,-0.054312,0.000000,0.934095,0.357026,0.058144,-0.356422,0.932514),hrpCFrame=CFrame.new(-1139.203,1845.149,280.499,0.975702,0.000000,0.219101,0.000000,1.000000,-0.000000,-0.219101,0.000000,0.975702),FOV=70.00,Time=0.7167,WalkSpeed=32.50},
{Pos=Vector3.new(-1139.432,1845.149,279.862),Vel=Vector3.new(-10.975,0.010,-30.592),Move=Vector3.new(-0.337,0,-0.941),CFrame=CFrame.new(-1140.635,1856.109,305.078,0.998308,0.020759,-0.054312,0.000000,0.934095,0.357026,0.058144,-0.356422,0.932514),hrpCFrame=CFrame.new(-1139.432,1845.149,279.862,0.970924,0.000000,0.239388,0.000000,1.000000,-0.000000,-0.239388,0.000000,0.970924),FOV=70.00,Time=0.7374,WalkSpeed=32.50},
{Pos=Vector3.new(-1139.618,1845.149,279.353),Vel=Vector3.new(-11.180,0.010,-30.517),Move=Vector3.new(-0.344,0,-0.939),CFrame=CFrame.new(-1140.863,1856.109,304.440,0.998308,0.020759,-0.054312,0.000000,0.934095,0.357026,0.058144,-0.356422,0.932514),hrpCFrame=CFrame.new(-1139.618,1845.149,279.353,0.967183,0.000000,0.254080,0.000000,1.000000,-0.000000,-0.254080,0.000000,0.967183),FOV=70.00,Time=0.7562,WalkSpeed=32.50},
{Pos=Vector3.new(-1139.808,1845.149,278.846),Vel=Vector3.new(-11.454,0.010,-30.415),Move=Vector3.new(-0.352,0,-0.936),CFrame=CFrame.new(-1141.049,1856.109,303.932,0.998308,0.020759,-0.054312,0.000000,0.934095,0.357026,0.058144,-0.356422,0.932514),hrpCFrame=CFrame.new(-1139.808,1845.149,278.846,0.963513,0.000000,0.267661,0.000000,1.000000,-0.000000,-0.267661,0.000000,0.963513),FOV=70.00,Time=0.7691,WalkSpeed=32.50},
{Pos=Vector3.new(-1140.002,1845.149,278.340),Vel=Vector3.new(-11.651,0.010,-30.340),Move=Vector3.new(-0.358,0,-0.934),CFrame=CFrame.new(-1141.240,1856.109,303.425,0.998308,0.020759,-0.054312,0.000000,0.934095,0.357026,0.058144,-0.356422,0.932514),hrpCFrame=CFrame.new(-1140.002,1845.149,278.340,0.959928,0.000000,0.280248,0.000000,1.000000,-0.000000,-0.280248,0.000000,0.959928),FOV=70.00,Time=0.7882,WalkSpeed=32.50},
{Pos=Vector3.new(-1140.149,1845.149,277.962),Vel=Vector3.new(-11.787,0.010,-30.288),Move=Vector3.new(-0.363,0,-0.932),CFrame=CFrame.new(-1141.433,1856.109,302.919,0.998308,0.020759,-0.054312,0.000000,0.934095,0.357026,0.058144,-0.356422,0.932514),hrpCFrame=CFrame.new(-1140.149,1845.149,277.962,0.957351,0.000000,0.288928,0.000000,1.000000,-0.000000,-0.288928,0.000000,0.957351),FOV=70.00,Time=0.7998,WalkSpeed=32.50},
{Pos=Vector3.new(-1140.247,1845.149,277.709),Vel=Vector3.new(-11.790,0.010,-30.287),Move=Vector3.new(-0.363,0,-0.932),CFrame=CFrame.new(-1141.581,1856.109,302.540,0.998308,0.020759,-0.054312,0.000000,0.934095,0.357026,0.058144,-0.356422,0.932514),hrpCFrame=CFrame.new(-1140.247,1845.149,277.709,0.955738,0.000000,0.294219,0.000000,1.000000,-0.000000,-0.294219,0.000000,0.955738),FOV=70.00,Time=0.8107,WalkSpeed=32.50},
{Pos=Vector3.new(-1140.442,1845.149,277.204),Vel=Vector3.new(-11.678,0.010,-30.330),Move=Vector3.new(-0.359,0,-0.933),CFrame=CFrame.new(-1141.679,1856.109,302.288,0.998308,0.020759,-0.054312,0.000000,0.934095,0.357026,0.058144,-0.356422,0.932514),hrpCFrame=CFrame.new(-1140.442,1845.149,277.204,0.952842,0.000000,0.303467,0.000000,1.000000,-0.000000,-0.303467,0.000000,0.952842),FOV=70.00,Time=0.8266,WalkSpeed=32.50},
{Pos=Vector3.new(-1140.638,1845.149,276.699),Vel=Vector3.new(-11.742,0.010,-30.305),Move=Vector3.new(-0.361,0,-0.932),CFrame=CFrame.new(-1141.874,1856.109,301.782,0.998308,0.020759,-0.054312,0.000000,0.934095,0.357026,0.058144,-0.356422,0.932514),hrpCFrame=CFrame.new(-1140.638,1845.149,276.699,0.950219,0.000000,0.311583,0.000000,1.000000,-0.000000,-0.311583,0.000000,0.950219),FOV=70.00,Time=0.8413,WalkSpeed=32.50},
{Pos=Vector3.new(-1140.833,1845.149,276.193),Vel=Vector3.new(-11.687,0.010,-30.326),Move=Vector3.new(-0.359,0,-0.933),CFrame=CFrame.new(-1142.069,1856.109,301.277,0.998308,0.020759,-0.054312,0.000000,0.934095,0.357026,0.058144,-0.356422,0.932514),hrpCFrame=CFrame.new(-1140.833,1845.149,276.193,0.947936,0.000000,0.318461,0.000000,1.000000,-0.000000,-0.318461,0.000000,0.947936),FOV=70.00,Time=0.8586,WalkSpeed=32.50},
{Pos=Vector3.new(-1141.023,1845.149,275.686),Vel=Vector3.new(-11.455,0.010,-30.414),Move=Vector3.new(-0.352,0,-0.936),CFrame=CFrame.new(-1142.264,1856.109,300.772,0.998308,0.020759,-0.054312,0.000000,0.934095,0.357026,0.058144,-0.356422,0.932514),hrpCFrame=CFrame.new(-1141.023,1845.149,275.686,0.946183,0.000000,0.323631,-0.000000,1.000000,-0.000000,-0.323631,0.000000,0.946183),FOV=70.00,Time=0.8757,WalkSpeed=32.50},
{Pos=Vector3.new(-1141.213,1845.149,275.179),Vel=Vector3.new(-11.398,0.010,-30.436),Move=Vector3.new(-0.351,0,-0.937),CFrame=CFrame.new(-1142.455,1856.109,300.265,0.998308,0.020759,-0.054312,0.000000,0.934095,0.357026,0.058144,-0.356422,0.932514),hrpCFrame=CFrame.new(-1141.213,1845.149,275.179,0.944816,0.000000,0.327602,-0.000000,1.000000,-0.000000,-0.327602,0.000000,0.944816),FOV=70.00,Time=0.8928,WalkSpeed=32.50},
{Pos=Vector3.new(-1141.400,1845.149,274.671),Vel=Vector3.new(-11.170,0.010,-30.520),Move=Vector3.new(-0.344,0,-0.939),CFrame=CFrame.new(-1142.645,1856.109,299.758,0.998308,0.020759,-0.054312,0.000000,0.934095,0.357026,0.058144,-0.356422,0.932514),hrpCFrame=CFrame.new(-1141.400,1845.149,274.671,0.943899,0.000000,0.330235,-0.000000,1.000000,-0.000000,-0.330235,0.000000,0.943899),FOV=70.00,Time=0.9102,WalkSpeed=32.50},
{Pos=Vector3.new(-1141.585,1845.149,274.161),Vel=Vector3.new(-11.115,0.010,-30.540),Move=Vector3.new(-0.342,0,-0.940),CFrame=CFrame.new(-1142.831,1856.109,299.249,0.998308,0.020759,-0.054312,0.000000,0.934095,0.357026,0.058144,-0.356422,0.932514),hrpCFrame=CFrame.new(-1141.585,1845.149,274.161,0.943268,0.000000,0.332034,-0.000000,1.000000,-0.000000,-0.332034,0.000000,0.943268),FOV=70.00,Time=0.9254,WalkSpeed=32.50},
{Pos=Vector3.new(-1141.769,1845.149,273.652),Vel=Vector3.new(-11.011,0.010,-30.578),Move=Vector3.new(-0.339,0,-0.941),CFrame=CFrame.new(-1143.017,1856.109,298.740,0.998308,0.020759,-0.054312,0.000000,0.934095,0.357026,0.058144,-0.356422,0.932514),hrpCFrame=CFrame.new(-1141.769,1845.149,273.652,0.942869,0.000000,0.333163,-0.000000,1.000000,-0.000000,-0.333163,0.000000,0.942869),FOV=70.00,Time=0.9419,WalkSpeed=32.50},
{Pos=Vector3.new(-1141.950,1845.149,273.141),Vel=Vector3.new(-10.838,0.010,-30.640),Move=Vector3.new(-0.333,0,-0.943),CFrame=CFrame.new(-1143.200,1856.109,298.231,0.998308,0.020759,-0.054312,0.000000,0.934095,0.357026,0.058144,-0.356422,0.932514),hrpCFrame=CFrame.new(-1141.950,1845.149,273.141,0.942754,-0.000000,0.333490,-0.000000,1.000000,0.000000,-0.333490,-0.000000,0.942754),FOV=70.00,Time=0.9584,WalkSpeed=32.50},
{Pos=Vector3.new(-1142.129,1845.149,272.630),Vel=Vector3.new(-10.786,0.010,-30.658),Move=Vector3.new(-0.332,0,-0.943),CFrame=CFrame.new(-1143.381,1856.109,297.720,0.998308,0.020759,-0.054312,0.000000,0.934095,0.357026,0.058144,-0.356422,0.932514),hrpCFrame=CFrame.new(-1142.129,1845.149,272.630,0.942791,-0.000000,0.333383,-0.000000,1.000000,0.000000,-0.333383,-0.000000,0.942791),FOV=70.00,Time=0.9751,WalkSpeed=32.50},
{Pos=Vector3.new(-1142.308,1845.149,272.119),Vel=Vector3.new(-10.735,0.010,-30.676),Move=Vector3.new(-0.330,0,-0.944),CFrame=CFrame.new(-1143.561,1856.109,297.209,0.998308,0.020759,-0.054312,0.000000,0.934095,0.357026,0.058144,-0.356422,0.932514),hrpCFrame=CFrame.new(-1142.308,1845.149,272.119,0.942911,-0.000000,0.333044,-0.000000,1.000000,0.000000,-0.333044,-0.000000,0.942911),FOV=70.00,Time=0.9932,WalkSpeed=32.50},
{Pos=Vector3.new(-1142.487,1845.149,271.608),Vel=Vector3.new(-10.734,0.010,-30.676),Move=Vector3.new(-0.330,0,-0.944),CFrame=CFrame.new(-1143.740,1856.109,296.698,0.998308,0.020759,-0.054312,0.000000,0.934095,0.357026,0.058144,-0.356422,0.932514),hrpCFrame=CFrame.new(-1142.487,1845.149,271.608,0.943042,-0.000000,0.332672,-0.000000,1.000000,0.000000,-0.332672,-0.000000,0.943042),FOV=70.00,Time=1.0089,WalkSpeed=32.50},
{Pos=Vector3.new(-1142.665,1845.149,271.096),Vel=Vector3.new(-10.685,0.010,-30.693),Move=Vector3.new(-0.329,0,-0.944),CFrame=CFrame.new(-1143.918,1856.109,296.187,0.998308,0.020759,-0.054312,0.000000,0.934095,0.357026,0.058144,-0.356422,0.932514),hrpCFrame=CFrame.new(-1142.665,1845.149,271.096,0.943210,-0.000000,0.332197,-0.000000,1.000000,0.000000,-0.332197,-0.000000,0.943210),FOV=70.00,Time=1.0247,WalkSpeed=32.50},
{Pos=Vector3.new(-1142.843,1845.149,270.585),Vel=Vector3.new(-10.684,0.010,-30.694),Move=Vector3.new(-0.329,0,-0.944),CFrame=CFrame.new(-1144.097,1856.109,295.675,0.998308,0.020759,-0.054312,0.000000,0.934095,0.357026,0.058144,-0.356422,0.932514),hrpCFrame=CFrame.new(-1142.843,1845.149,270.585,0.943377,-0.000000,0.331724,-0.000000,1.000000,0.000000,-0.331724,-0.000000,0.943377),FOV=70.00,Time=1.0425,WalkSpeed=32.50},
{Pos=Vector3.new(-1143.066,1845.149,269.945),Vel=Vector3.new(-10.663,0.010,-30.701),Move=Vector3.new(-0.328,0,-0.945),CFrame=CFrame.new(-1144.858,1855.730,295.265,0.996685,0.027877,-0.076434,0.000000,0.939468,0.342638,0.081359,-0.341502,0.936353),hrpCFrame=CFrame.new(-1143.066,1845.149,269.945,0.943586,-0.000000,0.331127,0.000000,1.000000,0.000000,-0.331127,-0.000000,0.943586),FOV=70.00,Time=1.0633,WalkSpeed=32.50},
{Pos=Vector3.new(-1143.233,1845.149,269.430),Vel=Vector3.new(-10.001,0.010,-30.923),Move=Vector3.new(-0.308,0,-0.952),CFrame=CFrame.new(-1145.964,1855.157,294.740,0.993238,0.037255,-0.109953,0.000000,0.947111,0.320905,0.116093,-0.318735,0.940707),hrpCFrame=CFrame.new(-1143.233,1845.149,269.430,0.944392,0.000000,0.328822,0.000000,1.000000,-0.000000,-0.328822,0.000000,0.944392),FOV=70.00,Time=1.0827,WalkSpeed=32.50},
{Pos=Vector3.new(-1143.422,1845.149,268.780),Vel=Vector3.new(-9.016,0.010,-31.224),Move=Vector3.new(-0.277,0,-0.961),CFrame=CFrame.new(-1147.023,1854.580,294.294,0.988582,0.045055,-0.143793,0.000000,0.954253,0.299002,0.150686,-0.295588,0.943357),hrpCFrame=CFrame.new(-1143.422,1845.149,268.780,0.946869,0.000000,0.321621,0.000000,1.000000,-0.000000,-0.321621,0.000000,0.946869),FOV=70.00,Time=1.0997,WalkSpeed=32.50},
{Pos=Vector3.new(-1143.557,1845.149,268.255),Vel=Vector3.new(-8.034,0.010,-31.492),Move=Vector3.new(-0.247,0,-0.969),CFrame=CFrame.new(-1147.810,1854.193,293.665,0.984808,0.049370,-0.166482,0.000000,0.958732,0.284310,0.173648,-0.279991,0.944167),hrpCFrame=CFrame.new(-1143.557,1845.149,268.255,0.949819,0.000000,0.312800,0.000000,1.000000,-0.000000,-0.312800,0.000000,0.949819),FOV=70.00,Time=1.1202,WalkSpeed=32.50},
{Pos=Vector3.new(-1143.679,1845.149,267.728),Vel=Vector3.new(-7.329,0.010,-31.663),Move=Vector3.new(-0.225,0,-0.974),CFrame=CFrame.new(-1149.134,1853.609,293.072,0.975662,0.057484,-0.211610,0.000000,0.965027,0.262150,0.219279,-0.255769,0.941541),hrpCFrame=CFrame.new(-1143.679,1845.149,267.728,0.953333,0.000000,0.301921,-0.000000,1.000000,-0.000000,-0.301921,0.000000,0.953333),FOV=70.00,Time=1.1362,WalkSpeed=32.50},
{Pos=Vector3.new(-1143.779,1845.149,267.195),Vel=Vector3.new(-5.892,0.010,-31.962),Move=Vector3.new(-0.181,0,-0.983),CFrame=CFrame.new(-1150.732,1853.021,292.324,0.961262,0.066111,-0.267592,0.000000,0.970810,0.239849,0.275637,-0.230558,0.933203),hrpCFrame=CFrame.new(-1143.779,1845.149,267.195,0.957794,0.000000,0.287455,-0.000000,1.000000,-0.000000,-0.287455,0.000000,0.957794),FOV=70.00,Time=1.1484,WalkSpeed=32.50},
{Pos=Vector3.new(-1143.815,1845.149,266.927),Vel=Vector3.new(-4.157,0.010,-32.230),Move=Vector3.new(-0.123,0,-0.992),CFrame=CFrame.new(-1151.431,1852.627,291.711,0.954588,0.067008,-0.290297,0.000000,0.974379,0.224911,0.297930,-0.214697,0.930131),hrpCFrame=CFrame.new(-1143.815,1845.149,266.927,0.960550,0.000000,0.278107,-0.000000,1.000000,-0.000000,-0.278107,0.000000,0.960550),FOV=70.00,Time=1.1603,WalkSpeed=32.50},
{Pos=Vector3.new(-1143.873,1845.149,266.388),Vel=Vector3.new(-3.418,0.010,-32.321),Move=Vector3.new(-0.105,0,-0.994),CFrame=CFrame.new(-1152.049,1852.430,291.300,0.947397,0.069589,-0.312406,0.000000,0.976078,0.217422,0.320062,-0.205985,0.924733),hrpCFrame=CFrame.new(-1143.873,1845.149,266.388,0.966566,0.000000,0.256419,-0.000000,1.000000,-0.000000,-0.256419,0.000000,0.966566),FOV=70.00,Time=1.1765,WalkSpeed=32.50},
{Pos=Vector3.new(-1143.919,1845.149,265.849),Vel=Vector3.new(-2.686,0.010,-32.390),Move=Vector3.new(-0.083,0,-0.997),CFrame=CFrame.new(-1152.983,1852.034,290.539,0.935649,0.071435,-0.345626,0.000000,0.979302,0.202405,0.352931,-0.189380,0.916283),hrpCFrame=CFrame.new(-1143.919,1845.149,265.849,0.972301,0.000000,0.233732,-0.000000,1.000000,-0.000000,-0.233732,0.000000,0.972301),FOV=70.00,Time=1.1919,WalkSpeed=32.50},
{Pos=Vector3.new(-1143.947,1845.149,265.308),Vel=Vector3.new(-1.600,0.010,-32.462),Move=Vector3.new(-0.049,0,-0.999),CFrame=CFrame.new(-1153.603,1851.836,289.818,0.927184,0.073003,-0.367424,0.000000,0.980827,0.194879,0.374607,-0.180689,0.909407),hrpCFrame=CFrame.new(-1143.947,1845.149,265.308,0.977723,0.000000,0.209898,-0.000000,1.000000,-0.000000,-0.209898,0.000000,0.977723),FOV=70.00,Time=1.2090,WalkSpeed=32.50},
{Pos=Vector3.new(-1143.964,1845.149,264.766),Vel=Vector3.new(-0.929,0.010,-32.489),Move=Vector3.new(-0.029,0,-1.000),CFrame=CFrame.new(-1154.202,1851.637,289.081,0.918216,0.074202,-0.389067,0.000000,0.982295,0.187341,0.396079,-0.172019,0.901959),hrpCFrame=CFrame.new(-1143.964,1845.149,264.766,0.982566,0.000000,0.185917,-0.000000,1.000000,-0.000000,-0.185917,0.000000,0.982566),FOV=70.00,Time=1.2253,WalkSpeed=32.50},
{Pos=Vector3.new(-1143.971,1845.149,264.225),Vel=Vector3.new(-0.368,0.010,-32.500),Move=Vector3.new(-0.011,0,-1.000),CFrame=CFrame.new(-1154.494,1851.637,288.419,0.913545,0.076198,-0.399535,0.000000,0.982295,0.187341,0.406737,-0.171144,0.897371),hrpCFrame=CFrame.new(-1143.971,1845.149,264.225,0.986695,0.000000,0.162579,-0.000000,1.000000,-0.000000,-0.162579,0.000000,0.986695),FOV=70.00,Time=1.2417,WalkSpeed=32.50},
{Pos=Vector3.new(-1143.979,1845.149,263.683),Vel=Vector3.new(-0.535,0.010,-32.497),Move=Vector3.new(-0.017,0,-1.000),CFrame=CFrame.new(-1154.806,1851.239,287.819,0.908751,0.071879,-0.411102,0.000000,0.985056,0.172233,0.417339,-0.156517,0.895171),hrpCFrame=CFrame.new(-1143.979,1845.149,263.683,0.989857,0.000000,0.142067,-0.000000,1.000000,-0.000000,-0.142067,0.000000,0.989857),FOV=70.00,Time=1.2592,WalkSpeed=32.50},
{Pos=Vector3.new(-1143.987,1845.149,263.142),Vel=Vector3.new(-0.452,0.010,-32.498),Move=Vector3.new(-0.014,0,-1.000),CFrame=CFrame.new(-1154.815,1851.239,287.277,0.908751,0.071879,-0.411102,0.000000,0.985056,0.172233,0.417339,-0.156517,0.895171),hrpCFrame=CFrame.new(-1143.987,1845.149,263.142,0.992254,0.000000,0.124226,-0.000000,1.000000,-0.000000,-0.124226,0.000000,0.992254),FOV=70.00,Time=1.2751,WalkSpeed=32.50},
{Pos=Vector3.new(-1144.009,1845.149,262.600),Vel=Vector3.new(-1.380,0.010,-32.471),Move=Vector3.new(-0.043,0,-0.999),CFrame=CFrame.new(-1154.837,1851.039,286.767,0.908751,0.068720,-0.411642,0.000000,0.986350,0.164663,0.417339,-0.149637,0.896347),hrpCFrame=CFrame.new(-1144.009,1845.149,262.600,0.993774,0.000000,0.111411,-0.000000,1.000000,-0.000000,-0.111411,0.000000,0.993774),FOV=70.00,Time=1.2916,WalkSpeed=32.50},
{Pos=Vector3.new(-1144.042,1845.149,262.060),Vel=Vector3.new(-2.037,0.010,-32.436),Move=Vector3.new(-0.063,0,-0.998),CFrame=CFrame.new(-1155.133,1851.039,286.098,0.903834,0.070456,-0.422043,0.000000,0.986350,0.164663,0.427883,-0.148828,0.891497),hrpCFrame=CFrame.new(-1144.042,1845.149,262.060,0.994641,0.000000,0.103387,0.000000,1.000000,-0.000000,-0.103387,0.000000,0.994641),FOV=70.00,Time=1.3088,WalkSpeed=32.50},
{Pos=Vector3.new(-1144.091,1845.149,261.520),Vel=Vector3.new(-2.954,0.010,-32.365),Move=Vector3.new(-0.091,0,-0.996),CFrame=CFrame.new(-1155.166,1851.039,285.557,0.903834,0.070456,-0.422043,0.000000,0.986350,0.164663,0.427883,-0.148828,0.891497),hrpCFrame=CFrame.new(-1144.091,1845.149,261.520,0.994978,0.000000,0.100090,0.000000,1.000000,-0.000000,-0.100090,0.000000,0.994978),FOV=70.00,Time=1.3250,WalkSpeed=32.50},
{Pos=Vector3.new(-1144.150,1845.149,260.982),Vel=Vector3.new(-3.608,0.010,-32.299),Move=Vector3.new(-0.111,0,-0.994),CFrame=CFrame.new(-1155.215,1851.039,285.018,0.903834,0.070456,-0.422043,0.000000,0.986350,0.164663,0.427883,-0.148828,0.891497),hrpCFrame=CFrame.new(-1144.150,1845.149,260.982,0.994945,0.000000,0.100419,0.000000,1.000000,-0.000000,-0.100419,0.000000,0.994945),FOV=70.00,Time=1.3422,WalkSpeed=32.50},
{Pos=Vector3.new(-1144.228,1845.149,260.446),Vel=Vector3.new(-4.769,0.010,-32.148),Move=Vector3.new(-0.147,0,-0.989),CFrame=CFrame.new(-1155.547,1851.039,284.348,0.898794,0.072183,-0.432387,0.000000,0.986350,0.164663,0.438371,-0.147998,0.886526),hrpCFrame=CFrame.new(-1144.228,1845.149,260.446,0.994468,-0.000000,0.105044,0.000000,1.000000,-0.000000,-0.105044,0.000000,0.994468),FOV=70.00,Time=1.3594,WalkSpeed=32.50},
{Pos=Vector3.new(-1144.310,1845.149,259.910),Vel=Vector3.new(-4.902,0.010,-32.128),Move=Vector3.new(-0.151,0,-0.989),CFrame=CFrame.new(-1155.896,1851.039,283.678,0.893632,0.073901,-0.442673,0.000000,0.986350,0.164663,0.448799,-0.147148,0.881434),hrpCFrame=CFrame.new(-1144.310,1845.149,259.910,0.993820,-0.000000,0.111004,0.000000,1.000000,-0.000000,-0.111004,0.000000,0.993820),FOV=70.00,Time=1.3752,WalkSpeed=32.50},
{Pos=Vector3.new(-1144.429,1845.149,259.244),Vel=Vector3.new(-5.758,0.010,-31.986),Move=Vector3.new(-0.177,0,-0.984),CFrame=CFrame.new(-1156.234,1851.211,282.979,0.888350,0.078602,-0.452388,0.000000,0.985239,0.171184,0.459166,-0.152071,0.875238),hrpCFrame=CFrame.new(-1144.429,1845.149,259.244,0.992634,0.000000,0.121152,0.000000,1.000000,-0.000000,-0.121152,0.000000,0.992634),FOV=70.00,Time=1.3945,WalkSpeed=32.50},
{Pos=Vector3.new(-1144.502,1845.149,258.844),Vel=Vector3.new(-5.891,0.010,-31.962),Move=Vector3.new(-0.181,0,-0.983),CFrame=CFrame.new(-1156.620,1851.211,282.172,0.882948,0.080366,-0.462542,0.000000,0.985239,0.171184,0.469472,-0.151146,0.869915),hrpCFrame=CFrame.new(-1144.502,1845.149,258.844,0.991857,0.000000,0.127353,0.000000,1.000000,-0.000000,-0.127353,0.000000,0.991857),FOV=70.00,Time=1.4103,WalkSpeed=32.50},
{Pos=Vector3.new(-1144.613,1845.149,258.314),Vel=Vector3.new(-6.730,0.010,-31.796),Move=Vector3.new(-0.207,0,-0.978),CFrame=CFrame.new(-1157.209,1851.382,281.457,0.871784,0.087037,-0.482097,0.000000,0.984091,0.177666,0.489890,-0.154886,0.857915),hrpCFrame=CFrame.new(-1144.613,1845.149,258.314,0.990534,0.000000,0.137265,0.000000,1.000000,-0.000000,-0.137265,0.000000,0.990534),FOV=70.00,Time=1.4325,WalkSpeed=32.50},
{Pos=Vector3.new(-1144.754,1845.149,257.652),Vel=Vector3.new(-6.743,0.010,-31.793),Move=Vector3.new(-0.207,0,-0.978),CFrame=CFrame.new(-1157.567,1851.552,280.750,0.866025,0.092055,-0.491453,0.000000,0.982906,0.184109,0.500000,-0.159443,0.851222),hrpCFrame=CFrame.new(-1144.754,1845.149,257.652,0.988789,0.000000,0.149322,0.000000,1.000000,-0.000000,-0.149322,0.000000,0.988789),FOV=70.00,Time=1.4475,WalkSpeed=32.50},
{Pos=Vector3.new(-1144.914,1845.149,256.994),Vel=Vector3.new(-7.764,0.010,-31.559),Move=Vector3.new(-0.239,0,-0.971),CFrame=CFrame.new(-1158.465,1851.721,279.595,0.848048,0.100957,-0.520213,0.000000,0.981684,0.190515,0.529919,-0.161566,0.832516),hrpCFrame=CFrame.new(-1144.914,1845.149,256.994,0.986543,0.000000,0.163501,0.000000,1.000000,-0.000000,-0.163501,0.000000,0.986543),FOV=70.00,Time=1.4688,WalkSpeed=32.50},
{Pos=Vector3.new(-1145.121,1845.149,256.208),Vel=Vector3.new(-8.323,0.010,-31.417),Move=Vector3.new(-0.256,0,-0.967),CFrame=CFrame.new(-1159.613,1851.888,278.248,0.822476,0.111986,-0.557667,0.000000,0.980427,0.196882,0.568801,-0.161930,0.806377),hrpCFrame=CFrame.new(-1145.121,1845.149,256.208,0.983314,0.000000,0.181916,0.000000,1.000000,-0.000000,-0.181916,0.000000,0.983314),FOV=70.00,Time=1.4923,WalkSpeed=32.50},
{Pos=Vector3.new(-1145.323,1845.149,255.562),Vel=Vector3.new(-9.734,0.010,-31.009),Move=Vector3.new(-0.299,0,-0.954),CFrame=CFrame.new(-1159.820,1851.888,277.462,0.822476,0.111986,-0.557667,0.000000,0.980427,0.196882,0.568801,-0.161930,0.806377),hrpCFrame=CFrame.new(-1145.323,1845.149,255.562,0.979678,0.000000,0.200578,0.000000,1.000000,-0.000000,-0.200578,0.000000,0.979678),FOV=70.00,Time=1.5114,WalkSpeed=32.50},
{Pos=Vector3.new(-1145.456,1845.149,255.178),Vel=Vector3.new(-10.695,0.010,-30.690),Move=Vector3.new(-0.330,0,-0.944),CFrame=CFrame.new(-1160.022,1851.888,276.816,0.822476,0.111986,-0.557667,0.000000,0.980427,0.196882,0.568801,-0.161930,0.806377),hrpCFrame=CFrame.new(-1145.456,1845.149,255.178,0.977022,0.000000,0.213137,0.000000,1.000000,-0.000000,-0.213137,0.000000,0.977022),FOV=70.00,Time=1.5275,WalkSpeed=32.50},
{Pos=Vector3.new(-1145.613,1845.149,254.804),Vel=Vector3.new(-12.752,0.010,-29.894),Move=Vector3.new(-0.394,0,-0.919),CFrame=CFrame.new(-1160.154,1851.888,276.432,0.822476,0.111986,-0.557667,0.000000,0.980427,0.196882,0.568801,-0.161930,0.806377),hrpCFrame=CFrame.new(-1145.613,1845.149,254.804,0.973307,0.000000,0.229505,0.000000,1.000000,-0.000000,-0.229505,0.000000,0.973307),FOV=70.00,Time=1.5454,WalkSpeed=32.50},
{Pos=Vector3.new(-1145.901,1845.149,254.191),Vel=Vector3.new(-13.909,0.010,-29.376),Move=Vector3.new(-0.428,0,-0.904),CFrame=CFrame.new(-1160.312,1851.888,276.058,0.822476,0.111986,-0.557667,0.000000,0.980427,0.196882,0.568801,-0.161930,0.806377),hrpCFrame=CFrame.new(-1145.901,1845.149,254.191,0.965034,0.000000,0.262124,0.000000,1.000000,-0.000000,-0.262124,0.000000,0.965034),FOV=70.00,Time=1.5610,WalkSpeed=32.50},
{Pos=Vector3.new(-1146.159,1845.149,253.714),Vel=Vector3.new(-15.544,0.010,-28.545),Move=Vector3.new(-0.478,0,-0.878),CFrame=CFrame.new(-1160.600,1851.888,275.445,0.822476,0.111986,-0.557667,0.000000,0.980427,0.196882,0.568801,-0.161930,0.806377),hrpCFrame=CFrame.new(-1146.159,1845.149,253.714,0.956713,0.000000,0.291032,0.000000,1.000000,-0.000000,-0.291032,0.000000,0.956713),FOV=70.00,Time=1.5760,WalkSpeed=32.50},
{Pos=Vector3.new(-1146.362,1845.149,253.363),Vel=Vector3.new(-16.369,0.010,-28.080),Move=Vector3.new(-0.504,0,-0.864),CFrame=CFrame.new(-1160.857,1851.888,274.968,0.822476,0.111986,-0.557667,0.000000,0.980427,0.196882,0.568801,-0.161930,0.806377),hrpCFrame=CFrame.new(-1146.362,1845.149,253.363,0.949706,0.000000,0.313144,0.000000,1.000000,-0.000000,-0.313144,0.000000,0.949706),FOV=70.00,Time=1.5861,WalkSpeed=32.50},
{Pos=Vector3.new(-1146.575,1845.149,253.017),Vel=Vector3.new(-17.090,0.010,-27.647),Move=Vector3.new(-0.526,0,-0.850),CFrame=CFrame.new(-1161.061,1851.888,274.617,0.822476,0.111986,-0.557667,0.000000,0.980427,0.196882,0.568801,-0.161930,0.806377),hrpCFrame=CFrame.new(-1146.575,1845.149,253.017,0.942107,0.000000,0.335312,0.000000,1.000000,-0.000000,-0.335312,0.000000,0.942107),FOV=70.00,Time=1.6014,WalkSpeed=32.50},
{Pos=Vector3.new(-1146.796,1845.149,252.676),Vel=Vector3.new(-17.798,0.010,-27.197),Move=Vector3.new(-0.548,0,-0.837),CFrame=CFrame.new(-1161.273,1851.888,274.271,0.822476,0.111986,-0.557667,0.000000,0.980427,0.196882,0.568801,-0.161930,0.806377),hrpCFrame=CFrame.new(-1146.796,1845.149,252.676,0.933906,0.000000,0.357518,0.000000,1.000000,-0.000000,-0.357518,0.000000,0.933906),FOV=70.00,Time=1.6154,WalkSpeed=32.50},
{Pos=Vector3.new(-1147.181,1845.149,252.119),Vel=Vector3.new(-18.503,0.010,-26.722),Move=Vector3.new(-0.569,0,-0.822),CFrame=CFrame.new(-1161.495,1851.888,273.930,0.822476,0.111986,-0.557667,0.000000,0.980427,0.196882,0.568801,-0.161930,0.806377),hrpCFrame=CFrame.new(-1147.181,1845.149,252.119,0.918931,0.000000,0.394418,0.000000,1.000000,-0.000000,-0.394418,0.000000,0.918931),FOV=70.00,Time=1.6336,WalkSpeed=32.50},
{Pos=Vector3.new(-1147.420,1845.149,251.790),Vel=Vector3.new(-19.156,0.010,-26.257),Move=Vector3.new(-0.589,0,-0.808),CFrame=CFrame.new(-1161.879,1851.888,273.373,0.822476,0.111986,-0.557667,0.000000,0.980427,0.196882,0.568801,-0.161930,0.806377),hrpCFrame=CFrame.new(-1147.420,1845.149,251.790,0.909605,0.000000,0.415474,0.000000,1.000000,-0.000000,-0.415474,0.000000,0.909605),FOV=70.00,Time=1.6493,WalkSpeed=32.50},
