-- V23 Smooth Cam - FIXED (No Jump + Smooth Rotation)
local RunService = game:GetService("RunService")
local Players = game:GetService("Players")
local lp = Players.LocalPlayer
local cam = workspace.CurrentCamera
local char = lp.Character or lp.CharacterAdded:Wait()
local hrp = char:WaitForChild("HumanoidRootPart")
local hum = char:WaitForChild("Humanoid")

hum.AutoRotate = false
cam.CameraType = Enum.CameraType.Scriptable

local frames = {
{Pos=Vector3.new(-25.006,51.700,-926.841),Vel=Vector3.new(0.000,0.000,-0.000),Move=Vector3.new(0.000,0,0.000),CFrame=CFrame.new(-21.496,55.440,-938.607,-0.958269,-0.053511,0.280816,0.000000,0.982324,0.187187,-0.285869,0.179375,-0.941331),FOV=70.00,Time=0.0000},
{Pos=Vector3.new(-25.006,51.700,-926.841),Vel=Vector3.new(0.000,0.000,-0.000),Move=Vector3.new(0.000,0,0.000),CFrame=CFrame.new(-21.496,55.440,-938.607,-0.958269,-0.053511,0.280816,0.000000,0.982324,0.187187,-0.285869,0.179375,-0.941331),FOV=70.00,Time=0.0261},
{Pos=Vector3.new(-25.006,51.700,-926.841),Vel=Vector3.new(0.000,0.000,-0.000),Move=Vector3.new(0.000,0,0.000),CFrame=CFrame.new(-21.496,55.440,-938.607,-0.958269,-0.053511,0.280816,0.000000,0.982324,0.187187,-0.285869,0.179375,-0.941331),FOV=70.00,Time=0.0513},
{Pos=Vector3.new(-25.006,51.700,-926.841),Vel=Vector3.new(0.000,0.000,-0.000),Move=Vector3.new(0.000,0,0.000),CFrame=CFrame.new(-21.496,55.440,-938.607,-0.958269,-0.053511,0.280816,0.000000,0.982324,0.187187,-0.285869,0.179375,-0.941331),FOV=70.00,Time=0.0774},
{Pos=Vector3.new(-25.006,51.700,-926.841),Vel=Vector3.new(0.000,0.000,-0.000),Move=Vector3.new(0.000,0,0.000),CFrame=CFrame.new(-21.496,55.440,-938.607,-0.958269,-0.053511,0.280816,0.000000,0.982324,0.187187,-0.285869,0.179375,-0.941331),FOV=70.00,Time=0.1044},
{Pos=Vector3.new(-25.006,51.700,-926.841),Vel=Vector3.new(-0.000,0.000,0.000),Move=Vector3.new(0.000,0,0.000),CFrame=CFrame.new(-21.496,55.440,-938.607,-0.958269,-0.053511,0.280816,0.000000,0.982324,0.187187,-0.285869,0.179375,-0.941331),FOV=70.00,Time=0.1306},
{Pos=Vector3.new(-25.006,51.700,-926.841),Vel=Vector3.new(-0.000,0.000,0.000),Move=Vector3.new(0.000,0,0.000),CFrame=CFrame.new(-21.496,55.440,-938.607,-0.958269,-0.053511,0.280816,0.000000,0.982324,0.187187,-0.285869,0.179375,-0.941331),FOV=70.00,Time=0.1576},
{Pos=Vector3.new(-25.006,51.700,-926.841),Vel=Vector3.new(-0.000,0.000,0.000),Move=Vector3.new(0.000,0,0.000),CFrame=CFrame.new(-21.496,55.440,-938.607,-0.958269,-0.053511,0.280816,0.000000,0.982324,0.187187,-0.285869,0.179375,-0.941331),FOV=70.00,Time=0.1838},
{Pos=Vector3.new(-25.006,51.700,-926.841),Vel=Vector3.new(0.000,0.000,-0.000),Move=Vector3.new(0.000,0,0.000),CFrame=CFrame.new(-21.496,55.440,-938.607,-0.958269,-0.053511,0.280816,0.000000,0.982324,0.187187,-0.285869,0.179375,-0.941331),FOV=70.00,Time=0.2101},
{Pos=Vector3.new(-25.006,51.700,-926.841),Vel=Vector3.new(0.000,0.000,-0.000),Move=Vector3.new(0.000,0,0.000),CFrame=CFrame.new(-21.496,55.440,-938.607,-0.958269,-0.053511,0.280816,0.000000,0.982324,0.187187,-0.285869,0.179375,-0.941331),FOV=70.00,Time=0.2383},
{Pos=Vector3.new(-25.006,51.700,-926.841),Vel=Vector3.new(0.000,0.000,-0.000),Move=Vector3.new(0.000,0,0.000),CFrame=CFrame.new(-21.496,55.440,-938.607,-0.958269,-0.053511,0.280816,0.000000,0.982324,0.187187,-0.285869,0.179375,-0.941331),FOV=70.00,Time=0.2654},
{Pos=Vector3.new(-25.006,51.700,-926.841),Vel=Vector3.new(0.000,0.000,-0.000),Move=Vector3.new(0.000,0,0.000),CFrame=CFrame.new(-21.496,55.440,-938.607,-0.958269,-0.053511,0.280816,0.000000,0.982324,0.187187,-0.285869,0.179375,-0.941331),FOV=70.00,Time=0.2906},
{Pos=Vector3.new(-25.006,51.700,-926.841),Vel=Vector3.new(0.000,0.000,-0.000),Move=Vector3.new(0.000,0,0.000),CFrame=CFrame.new(-21.496,55.440,-938.607,-0.958269,-0.053511,0.280816,0.000000,0.982324,0.187187,-0.285869,0.179375,-0.941331),FOV=70.00,Time=0.3161},
{Pos=Vector3.new(-25.006,51.700,-926.841),Vel=Vector3.new(-0.000,0.000,0.000),Move=Vector3.new(0.000,0,0.000),CFrame=CFrame.new(-21.496,55.440,-938.607,-0.958269,-0.053511,0.280816,0.000000,0.982324,0.187187,-0.285869,0.179375,-0.941331),FOV=70.00,Time=0.3432},
{Pos=Vector3.new(-25.006,51.700,-926.841),Vel=Vector3.new(-0.000,0.000,0.000),Move=Vector3.new(0.000,0,0.000),CFrame=CFrame.new(-21.496,55.440,-938.607,-0.958269,-0.053511,0.280816,0.000000,0.982324,0.187187,-0.285869,0.179375,-0.941331),FOV=70.00,Time=0.3698},
{Pos=Vector3.new(-25.006,51.700,-926.841),Vel=Vector3.new(-0.000,0.000,0.000),Move=Vector3.new(0.000,0,0.000),CFrame=CFrame.new(-21.496,55.440,-938.607,-0.958269,-0.053511,0.280816,0.000000,0.982324,0.187187,-0.285869,0.179375,-0.941331),FOV=70.00,Time=0.3980},
{Pos=Vector3.new(-25.006,51.700,-926.841),Vel=Vector3.new(-0.000,0.000,0.000),Move=Vector3.new(0.000,0,0.000),CFrame=CFrame.new(-21.496,55.440,-938.607,-0.958269,-0.053511,0.280816,0.000000,0.982324,0.187187,-0.285869,0.179375,-0.941331),FOV=70.00,Time=0.4222},
{Pos=Vector3.new(-25.006,51.700,-926.841),Vel=Vector3.new(0.000,0.000,-0.000),Move=Vector3.new(0.000,0,0.000),CFrame=CFrame.new(-21.496,55.440,-938.607,-0.958269,-0.053511,0.280816,0.000000,0.982324,0.187187,-0.285869,0.179375,-0.941331),FOV=70.00,Time=0.4490},
{Pos=Vector3.new(-25.006,51.700,-926.841),Vel=Vector3.new(0.000,0.000,-0.000),Move=Vector3.new(0.000,0,0.000),CFrame=CFrame.new(-21.496,55.440,-938.607,-0.958269,-0.053511,0.280816,0.000000,0.982324,0.187187,-0.285869,0.179375,-0.941331),FOV=70.00,Time=0.4753},
{Pos=Vector3.new(-25.006,51.700,-926.841),Vel=Vector3.new(0.000,0.000,-0.000),Move=Vector3.new(0.000,0,0.000),CFrame=CFrame.new(-21.496,55.440,-938.607,-0.958269,-0.053511,0.280816,0.000000,0.982324,0.187187,-0.285869,0.179375,-0.941331),FOV=70.00,Time=0.5014},
{Pos=Vector3.new(-25.006,51.700,-926.841),Vel=Vector3.new(0.000,0.000,-0.000),Move=Vector3.new(0.000,0,0.000),CFrame=CFrame.new(-21.496,55.440,-938.607,-0.958269,-0.053511,0.280816,0.000000,0.982324,0.187187,-0.285869,0.179375,-0.941331),FOV=70.00,Time=0.5284},
{Pos=Vector3.new(-25.006,51.700,-926.841),Vel=Vector3.new(-0.000,0.000,0.000),Move=Vector3.new(0.000,0,0.000),CFrame=CFrame.new(-21.496,55.440,-938.607,-0.958269,-0.053511,0.280816,0.000000,0.982324,0.187187,-0.285869,0.179375,-0.941331),FOV=70.00,Time=0.5544},
{Pos=Vector3.new(-25.006,51.700,-926.841),Vel=Vector3.new(-0.000,0.000,0.000),Move=Vector3.new(0.000,0,0.000),CFrame=CFrame.new(-21.496,55.440,-938.607,-0.958269,-0.053511,0.280816,0.000000,0.982324,0.187187,-0.285869,0.179375,-0.941331),FOV=70.00,Time=0.5802},
{Pos=Vector3.new(-25.006,51.700,-926.841),Vel=Vector3.new(-0.000,0.000,0.000),Move=Vector3.new(0.000,0,0.000),CFrame=CFrame.new(-21.496,55.440,-938.607,-0.958269,-0.053511,0.280816,0.000000,0.982324,0.187187,-0.285869,0.179375,-0.941331),FOV=70.00,Time=0.6070},
{Pos=Vector3.new(-25.006,51.700,-926.841),Vel=Vector3.new(-0.000,0.000,0.000),Move=Vector3.new(0.000,0,0.000),CFrame=CFrame.new(-21.496,55.440,-938.607,-0.958269,-0.053511,0.280816,0.000000,0.982324,0.187187,-0.285869,0.179375,-0.941331),FOV=70.00,Time=0.6327},
{Pos=Vector3.new(-25.006,51.700,-926.841),Vel=Vector3.new(0.000,0.000,-0.000),Move=Vector3.new(0.000,0,0.000),CFrame=CFrame.new(-21.496,55.440,-938.607,-0.958269,-0.053511,0.280816,0.000000,0.982324,0.187187,-0.285869,0.179375,-0.941331),FOV=70.00,Time=0.6597},
{Pos=Vector3.new(-25.006,51.700,-926.841),Vel=Vector3.new(0.000,0.000,-0.000),Move=Vector3.new(0.000,0,0.000),CFrame=CFrame.new(-21.496,55.440,-938.607,-0.958269,-0.053511,0.280816,0.000000,0.982324,0.187187,-0.285869,0.179375,-0.941331),FOV=70.00,Time=0.6856},
{Pos=Vector3.new(-25.006,51.700,-926.841),Vel=Vector3.new(0.000,0.000,-0.000),Move=Vector3.new(0.000,0,0.000),CFrame=CFrame.new(-21.496,55.440,-938.607,-0.958269,-0.053511,0.280816,0.000000,0.982324,0.187187,-0.285869,0.179375,-0.941331),FOV=70.00,Time=0.7127},
{Pos=Vector3.new(-25.006,51.700,-926.841),Vel=Vector3.new(0.000,0.000,-0.000),Move=Vector3.new(0.000,0,0.000),CFrame=CFrame.new(-21.496,55.440,-938.607,-0.958269,-0.053511,0.280816,0.000000,0.982324,0.187187,-0.285869,0.179375,-0.941331),FOV=70.00,Time=0.7390},
{Pos=Vector3.new(-25.006,51.700,-926.841),Vel=Vector3.new(-0.000,0.000,0.000),Move=Vector3.new(0.000,0,0.000),CFrame=CFrame.new(-21.496,55.440,-938.607,-0.958269,-0.053511,0.280816,0.000000,0.982324,0.187187,-0.285869,0.179375,-0.941331),FOV=70.00,Time=0.7661},
{Pos=Vector3.new(-25.006,51.700,-926.841),Vel=Vector3.new(-0.000,0.000,0.000),Move=Vector3.new(0.000,0,0.000),CFrame=CFrame.new(-21.496,55.440,-938.607,-0.958269,-0.053511,0.280816,0.000000,0.982324,0.187187,-0.285869,0.179375,-0.941331),FOV=70.00,Time=0.7923},
{Pos=Vector3.new(-25.021,51.700,-926.675),Vel=Vector3.new(-0.866,0.000,9.319),Move=Vector3.new(-0.092,0,0.996),CFrame=CFrame.new(-21.496,55.440,-938.607,-0.958269,-0.053511,0.280816,0.000000,0.982324,0.187187,-0.285869,0.179375,-0.941331),FOV=70.00,Time=0.8186},
{Pos=Vector3.new(-25.103,51.701,-926.321),Vel=Vector3.new(-3.849,-0.107,15.373),Move=Vector3.new(-0.246,0,0.969),CFrame=CFrame.new(-21.511,55.440,-938.442,-0.958269,-0.053511,0.280816,0.000000,0.982324,0.187187,-0.285869,0.179375,-0.941331),FOV=70.00,Time=0.8472},
{Pos=Vector3.new(-25.244,51.786,-925.891),Vel=Vector3.new(-4.808,-0.066,14.483),Move=Vector3.new(-0.312,0,0.950),CFrame=CFrame.new(-21.593,55.441,-938.086,-0.958269,-0.053511,0.280816,0.000000,0.982324,0.187187,-0.285869,0.179375,-0.941331),FOV=70.00,Time=0.8724},
{Pos=Vector3.new(-25.373,51.758,-925.523),Vel=Vector3.new(-4.737,-0.774,14.558),Move=Vector3.new(-0.332,0,0.943),CFrame=CFrame.new(-21.743,55.526,-937.635,-0.958269,-0.053511,0.280816,0.000000,0.982324,0.187187,-0.285869,0.179375,-0.941331),FOV=70.00,Time=0.8995},
{Pos=Vector3.new(-25.513,51.744,-925.093),Vel=Vector3.new(-4.936,-0.094,14.517),Move=Vector3.new(-0.322,0,0.947),CFrame=CFrame.new(-21.897,55.497,-937.268,-0.958269,-0.053511,0.280816,0.000000,0.982324,0.187187,-0.285869,0.179375,-0.941331),FOV=70.00,Time=0.9261},
{Pos=Vector3.new(-25.719,51.744,-924.479),Vel=Vector3.new(-4.932,0.002,14.756),Move=Vector3.new(-0.320,0,0.947),CFrame=CFrame.new(-22.024,55.483,-936.819,-0.958269,-0.053511,0.280816,0.000000,0.982324,0.187187,-0.285869,0.179375,-0.941331),FOV=70.00,Time=0.9666},
{Pos=Vector3.new(-25.779,51.751,-924.295),Vel=Vector3.new(-4.928,-0.113,14.846),Move=Vector3.new(-0.313,0,0.950),CFrame=CFrame.new(-22.213,55.483,-936.208,-0.958269,-0.053511,0.280816,0.000000,0.982324,0.187187,-0.285869,0.179375,-0.941331),FOV=70.00,Time=0.9785},
{Pos=Vector3.new(-25.901,51.775,-923.926),Vel=Vector3.new(-4.864,-0.071,14.640),Move=Vector3.new(-0.316,0,0.949),CFrame=CFrame.new(-22.268,55.490,-936.027,-0.958269,-0.053511,0.280816,0.000000,0.982324,0.187187,-0.285869,0.179375,-0.941331),FOV=70.00,Time=1.0039},
{Pos=Vector3.new(-26.024,51.812,-923.558),Vel=Vector3.new(-4.711,-0.631,14.296),Move=Vector3.new(-0.320,0,0.947),CFrame=CFrame.new(-22.389,55.514,-935.652,-0.958269,-0.053511,0.280816,0.000000,0.982324,0.187187,-0.285869,0.179375,-0.941331),FOV=70.00,Time=1.0317},
{Pos=Vector3.new(-26.168,51.763,-923.129),Vel=Vector3.new(-4.670,-0.411,13.790),Move=Vector3.new(-0.319,0,0.948),CFrame=CFrame.new(-22.527,55.550,-935.257,-0.958269,-0.053511,0.280816,0.000000,0.982324,0.187187,-0.285869,0.179375,-0.941331),FOV=70.00,Time=1.0576},
{Pos=Vector3.new(-26.293,51.736,-922.766),Vel=Vector3.new(-5.020,0.674,14.478),Move=Vector3.new(-0.323,0,0.946),CFrame=CFrame.new(-22.680,55.501,-934.829,-0.958269,-0.053511,0.280816,0.000000,0.982324,0.187187,-0.285869,0.179375,-0.941331),FOV=70.00,Time=1.0854},
{Pos=Vector3.new(-26.461,51.742,-922.277),Vel=Vector3.new(-4.848,-0.063,14.363),Move=Vector3.new(-0.322,0,0.947),CFrame=CFrame.new(-22.789,55.476,-934.514,-0.958269,-0.053511,0.280816,0.000000,0.982324,0.187187,-0.285869,0.179375,-0.941331),FOV=70.00,Time=1.1109},
{Pos=Vector3.new(-26.588,51.740,-921.917),Vel=Vector3.new(-5.062,-0.051,14.495),Move=Vector3.new(-0.331,0,0.944),CFrame=CFrame.new(-22.972,55.481,-934.015,-0.958269,-0.053511,0.280816,0.000000,0.982324,0.187187,-0.285869,0.179375,-0.941331),FOV=70.00,Time=1.1356},
{Pos=Vector3.new(-26.719,51.740,-921.554),Vel=Vector3.new(-5.296,-0.039,14.682),Move=Vector3.new(-0.339,0,0.941),CFrame=CFrame.new(-23.101,55.479,-933.658,-0.958269,-0.053511,0.280816,0.000000,0.982324,0.187187,-0.285869,0.179375,-0.941331),FOV=70.00,Time=1.1641},
{Pos=Vector3.new(-26.854,51.738,-921.189),Vel=Vector3.new(-5.392,-0.049,14.591),Move=Vector3.new(-0.347,0,0.938),CFrame=CFrame.new(-23.232,55.479,-933.302,-0.958269,-0.053511,0.280816,0.000000,0.982324,0.187187,-0.285869,0.179375,-0.941331),FOV=70.00,Time=1.1899},
{Pos=Vector3.new(-27.018,51.740,-920.766),Vel=Vector3.new(-5.629,-0.046,14.473),Move=Vector3.new(-0.363,0,0.932),CFrame=CFrame.new(-23.368,55.478,-932.940,-0.958269,-0.053511,0.280816,0.000000,0.982324,0.187187,-0.285869,0.179375,-0.941331),FOV=70.00,Time=1.2180},
{Pos=Vector3.new(-27.265,51.764,-920.140),Vel=Vector3.new(-10.484,0.117,26.644),Move=Vector3.new(-0.367,0,0.930),CFrame=CFrame.new(-23.535,55.479,-932.517,-0.958269,-0.053511,0.280816,0.000000,0.982324,0.187187,-0.285869,0.179375,-0.941331),FOV=70.00,Time=1.2449},
{Pos=Vector3.new(-27.587,51.763,-919.319),Vel=Vector3.new(-14.263,-0.201,36.221),Move=Vector3.new(-0.366,0,0.931),CFrame=CFrame.new(-23.783,55.503,-931.890,-0.958269,-0.053511,0.280816,0.000000,0.982324,0.187187,-0.285869,0.179375,-0.941331),FOV=70.00,Time=1.2821},
{Pos=Vector3.new(-28.004,51.750,-918.245),Vel=Vector3.new(-14.220,-0.766,37.011),Move=Vector3.new(-0.362,0,0.932),CFrame=CFrame.new(-24.107,55.502,-931.067,-0.958269,-0.053511,0.280816,0.000000,0.982324,0.187187,-0.285869,0.179375,-0.941331),FOV=70.00,Time=1.3015},
{Pos=Vector3.new(-28.349,51.673,-917.308),Vel=Vector3.new(-14.024,-2.416,37.627),Move=Vector3.new(-0.345,0,0.939),CFrame=CFrame.new(-24.522,55.489,-930.002,-0.958269,-0.053511,0.280816,0.000000,0.982324,0.187187,-0.285869,0.179375,-0.941331),FOV=70.00,Time=1.3248},
{Pos=Vector3.new(-28.668,51.677,-916.359),Vel=Vector3.new(-12.609,0.669,37.962),Move=Vector3.new(-0.315,0,0.949),CFrame=CFrame.new(-24.840,55.413,-929.074,-0.958269,-0.053511,0.280816,0.000000,0.982324,0.187187,-0.285869,0.179375,-0.941331),FOV=70.00,Time=1.3505},
{Pos=Vector3.new(-28.964,51.690,-915.404),Vel=Vector3.new(-11.759,0.372,38.227),Move=Vector3.new(-0.294,0,0.956),CFrame=CFrame.new(-25.156,55.417,-928.127,-0.958269,-0.053511,0.280816,0.000000,0.982324,0.187187,-0.285869,0.179375,-0.941331),FOV=70.00,Time=1.3761},
{Pos=Vector3.new(-29.281,51.697,-914.281),Vel=Vector3.new(-10.780,0.134,38.521),Move=Vector3.new(-0.269,0,0.963),CFrame=CFrame.new(-25.454,55.430,-927.171,-0.958269,-0.053511,0.280816,0.000000,0.982324,0.187187,-0.285869,0.179375,-0.941331),FOV=70.00,Time=1.4031},
{Pos=Vector3.new(-29.539,51.699,-913.315),Vel=Vector3.new(-10.300,0.054,38.651),Move=Vector3.new(-0.257,0,0.966),CFrame=CFrame.new(-25.771,55.436,-926.048,-0.958269,-0.053511,0.280816,0.000000,0.982324,0.187187,-0.285869,0.179375,-0.941331),FOV=70.00,Time=1.4310},
{Pos=Vector3.new(-29.827,51.700,-912.185),Vel=Vector3.new(-9.823,0.019,38.775),Move=Vector3.new(-0.246,0,0.969),CFrame=CFrame.new(-26.029,55.438,-925.082,-0.958269,-0.053511,0.280816,0.000000,0.982324,0.187187,-0.285869,0.179375,-0.941331),FOV=70.00,Time=1.4576},
{Pos=Vector3.new(-30.062,51.700,-911.213),Vel=Vector3.new(-9.346,0.008,38.893),Move=Vector3.new(-0.234,0,0.972),CFrame=CFrame.new(-26.317,55.439,-923.951,-0.958269,-0.053511,0.280816,0.000000,0.982324,0.187187,-0.285869,0.179375,-0.941331),FOV=70.00,Time=1.4830},
{Pos=Vector3.new(-30.292,51.700,-910.240),Vel=Vector3.new(-9.193,0.003,38.929),Move=Vector3.new(-0.230,0,0.973),CFrame=CFrame.new(-26.552,55.440,-922.979,-0.958269,-0.053511,0.280816,0.000000,0.982324,0.187187,-0.285869,0.179375,-0.941331),FOV=70.00,Time=1.5119},
{Pos=Vector3.new(-30.552,51.700,-909.102),Vel=Vector3.new(-8.881,0.001,39.002),Move=Vector3.new(-0.222,0,0.975),CFrame=CFrame.new(-26.782,55.440,-922.006,-0.958269,-0.053511,0.280816,0.000000,0.982324,0.187187,-0.285869,0.179375,-0.941331),FOV=70.00,Time=1.5397},
{Pos=Vector3.new(-30.767,51.700,-908.126),Vel=Vector3.new(-8.573,0.000,39.071),Move=Vector3.new(-0.214,0,0.977),CFrame=CFrame.new(-27.042,55.440,-920.869,-0.958269,-0.053511,0.280816,0.000000,0.982324,0.187187,-0.285869,0.179375,-0.941331),FOV=70.00,Time=1.5648},
{Pos=Vector3.new(-31.017,51.700,-906.986),Vel=Vector3.new(-8.584,0.000,39.068),Move=Vector3.new(-0.215,0,0.977),CFrame=CFrame.new(-27.257,55.440,-919.892,-0.958269,-0.053511,0.280816,0.000000,0.982324,0.187187,-0.285869,0.179375,-0.941331),FOV=70.00,Time=1.5929},
{Pos=Vector3.new(-31.264,51.700,-905.846),Vel=Vector3.new(-8.437,0.000,39.100),Move=Vector3.new(-0.211,0,0.978),CFrame=CFrame.new(-27.507,55.440,-918.753,-0.958269,-0.053511,0.280816,0.000000,0.982324,0.187187,-0.285869,0.179375,-0.941331),FOV=70.00,Time=1.6224},
{Pos=Vector3.new(-31.479,51.700,-904.869),Vel=Vector3.new(-8.618,0.000,39.061),Move=Vector3.new(-0.215,0,0.977),CFrame=CFrame.new(-27.754,55.440,-917.613,-0.958269,-0.053511,0.280816,0.000000,0.982324,0.187187,-0.285869,0.179375,-0.941331),FOV=70.00,Time=1.6477},
{Pos=Vector3.new(-31.695,51.700,-903.893),Vel=Vector3.new(-8.641,0.000,39.055),Move=Vector3.new(-0.216,0,0.976),CFrame=CFrame.new(-27.969,55.440,-916.636,-0.958269,-0.053511,0.280816,0.000000,0.982324,0.187187,-0.285869,0.179375,-0.941331),FOV=70.00,Time=1.6737},
{Pos=Vector3.new(-31.943,51.700,-902.753),Vel=Vector3.new(-8.509,0.000,39.084),Move=Vector3.new(-0.213,0,0.977),CFrame=CFrame.new(-28.185,55.440,-915.660,-0.958269,-0.053511,0.280816,0.000000,0.982324,0.187187,-0.285869,0.179375,-0.941331),FOV=70.00,Time=1.7023},
{Pos=Vector3.new(-32.153,51.700,-901.775),Vel=Vector3.new(-8.367,0.000,39.115),Move=Vector3.new(-0.209,0,0.978),CFrame=CFrame.new(-28.433,55.440,-914.520,-0.958269,-0.053511,0.280816,0.000000,0.982324,0.187187,-0.285869,0.179375,-0.941331),FOV=70.00,Time=1.7277},
{Pos=Vector3.new(-32.397,51.700,-900.635),Vel=Vector3.new(-8.391,0.000,39.110),Move=Vector3.new(-0.210,0,0.978),CFrame=CFrame.new(-28.643,55.440,-913.542,-0.958269,-0.053511,0.280816,0.000000,0.982324,0.187187,-0.285869,0.179375,-0.941331),FOV=70.00,Time=1.7532},
{Pos=Vector3.new(-32.608,51.700,-899.657),Vel=Vector3.new(-8.414,0.000,39.105),Move=Vector3.new(-0.210,0,0.978),CFrame=CFrame.new(-28.887,55.440,-912.401,-0.958269,-0.053511,0.280816,0.000000,0.982324,0.187187,-0.285869,0.179375,-0.941331),FOV=70.00,Time=1.7811},
{Pos=Vector3.new(-32.850,51.700,-898.516),Vel=Vector3.new(-8.288,0.000,39.132),Move=Vector3.new(-0.207,0,0.978),CFrame=CFrame.new(-29.098,55.440,-911.423,-0.958269,-0.053511,0.280816,0.000000,0.982324,0.187187,-0.285869,0.179375,-0.941331),FOV=70.00,Time=1.8084},
{Pos=Vector3.new(-33.054,51.700,-897.537),Vel=Vector3.new(-8.163,0.000,39.158),Move=Vector3.new(-0.204,0,0.979),CFrame=CFrame.new(-29.340,55.440,-910.282,-0.958269,-0.053511,0.280816,0.000000,0.982324,0.187187,-0.285869,0.179375,-0.941331),FOV=70.00,Time=1.8349},
{Pos=Vector3.new(-33.289,51.700,-896.394),Vel=Vector3.new(-8.039,0.000,39.184),Move=Vector3.new(-0.201,0,0.980),CFrame=CFrame.new(-29.544,55.440,-909.303,-0.958269,-0.053511,0.280816,0.000000,0.982324,0.187187,-0.285869,0.179375,-0.941331),FOV=70.00,Time=1.8619},
{Pos=Vector3.new(-33.490,51.700,-895.414),Vel=Vector3.new(-8.039,0.000,39.184),Move=Vector3.new(-0.201,0,0.980),CFrame=CFrame.new(-29.779,55.440,-908.161,-0.958269,-0.053511,0.280816,0.000000,0.982324,0.187187,-0.285869,0.179375,-0.941331),FOV=70.00,Time=1.8875},
{Pos=Vector3.new(-33.691,51.700,-894.435),Vel=Vector3.new(-8.052,0.000,39.181),Move=Vector3.new(-0.201,0,0.980),CFrame=CFrame.new(-29.980,55.440,-907.181,-0.958269,-0.053511,0.280816,0.000000,0.982324,0.187187,-0.285869,0.179375,-0.941331),FOV=70.00,Time=1.9134},
{Pos=Vector3.new(-33.893,51.700,-893.455),Vel=Vector3.new(-8.052,0.000,39.181),Move=Vector3.new(-0.201,0,0.980),CFrame=CFrame.new(-30.181,55.440,-906.201,-0.958269,-0.053511,0.280816,0.000000,0.982324,0.187187,-0.285869,0.179375,-0.941331),FOV=70.00,Time=1.9413},
{Pos=Vector3.new(-34.124,51.700,-892.311),Vel=Vector3.new(-7.918,0.000,39.209),Move=Vector3.new(-0.198,0,0.980),CFrame=CFrame.new(-30.382,55.440,-905.222,-0.958269,-0.053511,0.280816,0.000000,0.982324,0.187187,-0.285869,0.179375,-0.941331),FOV=70.00,Time=1.9648},
{Pos=Vector3.new(-34.325,51.700,-891.332),Vel=Vector3.new(-8.077,0.000,39.176),Move=Vector3.new(-0.202,0,0.979),CFrame=CFrame.new(-30.614,55.440,-904.078,-0.958269,-0.053511,0.280816,0.000000,0.982324,0.187187,-0.285869,0.179375,-0.941331),FOV=70.00,Time=1.9927},
{Pos=Vector3.new(-34.528,51.700,-890.353),Vel=Vector3.new(-8.090,0.000,39.173),Move=Vector3.new(-0.202,0,0.979),CFrame=CFrame.new(-30.815,55.440,-903.099,-0.958269,-0.053511,0.280816,0.000000,0.982324,0.187187,-0.285869,0.179375,-0.941331),FOV=70.00,Time=2.0172},
{Pos=Vector3.new(-34.734,51.700,-889.374),Vel=Vector3.new(-8.260,0.000,39.138),Move=Vector3.new(-0.207,0,0.978),CFrame=CFrame.new(-31.017,55.440,-902.119,-0.958269,-0.053511,0.280816,0.000000,0.982324,0.187187,-0.285869,0.179375,-0.941331),FOV=70.00,Time=2.0436},
{Pos=Vector3.new(-34.983,51.700,-888.234),Vel=Vector3.new(-8.561,0.000,39.073),Move=Vector3.new(-0.214,0,0.977),CFrame=CFrame.new(-31.223,55.440,-901.141,-0.958269,-0.053511,0.280816,0.000000,0.982324,0.187187,-0.285869,0.179375,-0.941331),FOV=70.00,Time=2.0695},
{Pos=Vector3.new(-35.204,51.700,-887.259),Vel=Vector3.new(-8.868,0.000,39.005),Move=Vector3.new(-0.222,0,0.975),CFrame=CFrame.new(-31.472,55.440,-900.001,-0.958269,-0.053511,0.280816,0.000000,0.982324,0.187187,-0.285869,0.179375,-0.941331),FOV=70.00,Time=2.0955},
{Pos=Vector3.new(-35.439,51.700,-886.287),Vel=Vector3.new(-9.455,0.000,38.866),Move=Vector3.new(-0.236,0,0.972),CFrame=CFrame.new(-31.693,55.440,-899.026,-0.958269,-0.053511,0.280816,0.000000,0.982324,0.187187,-0.285869,0.179375,-0.941331),FOV=70.00,Time=2.1233},
{Pos=Vector3.new(-35.688,51.700,-885.319),Vel=Vector3.new(-10.033,0.000,38.721),Move=Vector3.new(-0.251,0,0.968),CFrame=CFrame.new(-31.928,55.440,-898.054,-0.958269,-0.053511,0.280816,0.000000,0.982324,0.187187,-0.285869,0.179375,-0.941331),FOV=70.00,Time=2.1479},
{Pos=Vector3.new(-35.996,51.700,-884.193),Vel=Vector3.new(-10.598,0.000,38.570),Move=Vector3.new(-0.265,0,0.964),CFrame=CFrame.new(-32.178,55.440,-897.086,-0.958269,-0.053511,0.280816,0.000000,0.982324,0.187187,-0.285869,0.179375,-0.941331),FOV=70.00,Time=2.1749},
{Pos=Vector3.new(-36.270,51.700,-883.232),Vel=Vector3.new(-11.018,0.000,38.453),Move=Vector3.new(-0.275,0,0.961),CFrame=CFrame.new(-32.485,55.440,-895.960,-0.958269,-0.053511,0.280816,0.000000,0.982324,0.187187,-0.285869,0.179375,-0.941331),FOV=70.00,Time=2.2026},
{Pos=Vector3.new(-36.561,51.700,-882.275),Vel=Vector3.new(-11.708,0.000,38.248),Move=Vector3.new(-0.293,0,0.956),CFrame=CFrame.new(-33.039,55.520,-895.062,-0.964661,-0.051005,0.258509,0.000000,0.981086,0.193574,-0.263493,0.186733,-0.946415),FOV=70.00,Time=2.2267},
{Pos=Vector3.new(-36.894,51.700,-881.157),Vel=Vector3.new(-11.373,0.000,38.349),Move=Vector3.new(-0.284,0,0.959),CFrame=CFrame.new(-33.891,55.678,-894.211,-0.975876,-0.045033,0.213633,0.000000,0.978496,0.206264,-0.218327,0.201288,-0.954891),FOV=70.00,Time=2.2546},
{Pos=Vector3.new(-37.147,51.700,-880.190),Vel=Vector3.new(-10.009,0.000,38.727),Move=Vector3.new(-0.250,0,0.968),CFrame=CFrame.new(-34.512,55.913,-893.101,-0.980692,-0.044013,0.190543,0.000000,0.974345,0.225060,-0.195560,0.220714,-0.955532),FOV=70.00,Time=2.2787},
{Pos=Vector3.new(-37.430,51.700,-879.058),Vel=Vector3.new(-9.680,0.000,38.811),Move=Vector3.new(-0.242,0,0.970),CFrame=CFrame.new(-35.050,56.067,-892.150,-0.984977,-0.040992,0.167751,0.000000,0.971418,0.237375,-0.172687,0.233809,-0.956824),FOV=70.00,Time=2.3094},
{Pos=Vector3.new(-37.713,51.700,-877.926),Vel=Vector3.new(-9.676,0.000,38.812),Move=Vector3.new(-0.242,0,0.970),CFrame=CFrame.new(-35.482,56.295,-890.985,-0.986919,-0.041209,0.155859,0.000000,0.966779,0.255614,-0.161215,0.252271,-0.954133),FOV=70.00,Time=2.3395},
{Pos=Vector3.new(-37.969,51.700,-876.959),Vel=Vector3.new(-10.314,0.000,38.647),Move=Vector3.new(-0.258,0,0.966),CFrame=CFrame.new(-35.912,56.519,-889.814,-0.988728,-0.040953,0.144012,0.000000,0.961865,0.273526,-0.149722,0.270443,-0.951023),FOV=70.00,Time=2.3673},
{Pos=Vector3.new(-38.232,51.700,-875.994),Vel=Vector3.new(-10.533,0.000,38.588),Move=Vector3.new(-0.263,0,0.965),CFrame=CFrame.new(-36.310,56.592,-888.846,-0.990404,-0.038615,0.132702,0.000000,0.960175,0.279400,-0.138206,0.276719,-0.950960),FOV=70.00,Time=2.3899},
{Pos=Vector3.new(-38.593,51.700,-874.711),Vel=Vector3.new(-10.879,0.000,38.492),Move=Vector3.new(-0.272,0,0.962),CFrame=CFrame.new(-36.714,56.665,-887.879,-0.991944,-0.036132,0.121411,0.000000,0.958456,0.285239,-0.126674,0.282941,-0.950736),FOV=70.00,Time=2.4216},
{Pos=Vector3.new(-38.870,51.700,-873.750),Vel=Vector3.new(-11.101,0.000,38.429),Move=Vector3.new(-0.278,0,0.961),CFrame=CFrame.new(-37.079,56.738,-886.574,-0.991944,-0.036867,0.121190,0.000000,0.956710,0.291042,-0.126674,0.288697,-0.949004),FOV=70.00,Time=2.4478},
{Pos=Vector3.new(-39.234,51.700,-872.642),Vel=Vector3.new(-12.583,0.000,37.969),Move=Vector3.new(-0.315,0,0.949),CFrame=CFrame.new(-37.496,56.810,-885.608,-0.993351,-0.034170,0.109937,0.000000,0.954937,0.296810,-0.115125,0.294837,-0.948587),FOV=70.00,Time=2.4770},
{Pos=Vector3.new(-39.619,51.700,-871.540),Vel=Vector3.new(-13.249,0.000,37.742),Move=Vector3.new(-0.331,0,0.944),CFrame=CFrame.new(-37.860,56.810,-884.499,-0.993351,-0.034170,0.109937,0.000000,0.954937,0.296810,-0.115125,0.294837,-0.948587),FOV=70.00,Time=2.5072},
{Pos=Vector3.new(-40.047,51.700,-870.455),Vel=Vector3.new(-14.830,0.000,37.149),Move=Vector3.new(-0.371,0,0.929),CFrame=CFrame.new(-38.244,56.810,-883.398,-0.993351,-0.034170,0.109937,0.000000,0.954937,0.296810,-0.115125,0.294837,-0.948587),FOV=70.00,Time=2.5353},
{Pos=Vector3.new(-40.449,51.700,-869.540),Vel=Vector3.new(-16.197,0.000,36.574),Move=Vector3.new(-0.405,0,0.914),CFrame=CFrame.new(-38.808,56.718,-882.356,-0.994624,-0.029977,0.099124,0.000000,0.957188,0.289468,-0.103557,0.287912,-0.952041),FOV=70.00,Time=2.5623},
{Pos=Vector3.new(-40.979,51.700,-868.501),Vel=Vector3.new(-18.361,0.000,35.537),Move=Vector3.new(-0.459,0,0.888),CFrame=CFrame.new(-39.210,56.718,-881.440,-0.994624,-0.029977,0.099124,0.000000,0.957188,0.289468,-0.103557,0.287912,-0.952041),FOV=70.00,Time=2.5913},
{Pos=Vector3.new(-41.607,51.700,-867.518),Vel=Vector3.new(-21.923,0.000,33.457),Move=Vector3.new(-0.548,0,0.836),CFrame=CFrame.new(-39.737,56.626,-880.428,-0.994623,-0.029215,0.099351,0.000000,0.959382,0.282109,-0.103557,0.280592,-0.954224),FOV=70.00,Time=2.6175},
{Pos=Vector3.new(-42.291,51.700,-866.573),Vel=Vector3.new(-23.583,0.000,32.308),Move=Vector3.new(-0.590,0,0.808),CFrame=CFrame.new(-40.504,56.626,-879.460,-0.995761,-0.025948,0.088242,0.000000,0.959382,0.282109,-0.091978,0.280913,-0.955315),FOV=70.00,Time=2.6469},
{Pos=Vector3.new(-42.915,51.700,-865.792),Vel=Vector3.new(-25.105,0.000,31.141),Move=Vector3.new(-0.628,0,0.778),CFrame=CFrame.new(-41.188,56.626,-878.514,-0.995761,-0.025948,0.088242,0.000000,0.959382,0.282109,-0.091978,0.280913,-0.955315),FOV=70.00,Time=2.6733},
{Pos=Vector3.new(-43.665,51.700,-864.898),Vel=Vector3.new(-25.777,0.000,30.587),Move=Vector3.new(-0.644,0,0.765),CFrame=CFrame.new(-41.953,56.699,-877.724,-0.996764,-0.023146,0.076983,0.000000,0.957651,0.287931,-0.080387,0.286999,-0.954552),FOV=70.00,Time=2.7020},
{Pos=Vector3.new(-44.319,51.700,-864.142),Vel=Vector3.new(-26.194,0.000,30.230),Move=Vector3.new(-0.655,0,0.756),CFrame=CFrame.new(-42.983,56.844,-876.805,-0.998364,-0.017122,0.054547,0.000000,0.954098,0.299495,-0.057171,0.299005,-0.952537),FOV=70.00,Time=2.7286},
{Pos=Vector3.new(-45.075,51.700,-863.253),Vel=Vector3.new(-25.909,0.000,30.475),Move=Vector3.new(-0.648,0,0.762),CFrame=CFrame.new(-43.778,56.986,-876.010,-0.998962,-0.014163,0.043294,0.000000,0.950436,0.310919,-0.045551,0.310596,-0.949450),FOV=70.00,Time=2.7573},
{Pos=Vector3.new(-45.832,51.700,-862.365),Vel=Vector3.new(-25.958,0.000,30.434),Move=Vector3.new(-0.649,0,0.761),CFrame=CFrame.new(-44.949,57.128,-875.086,-0.999943,-0.003435,0.010092,0.000000,0.946670,0.322204,-0.010660,0.322186,-0.946616),FOV=70.00,Time=2.7838},
{Pos=Vector3.new(-46.455,51.700,-861.584),Vel=Vector3.new(-24.818,0.000,31.369),Move=Vector3.new(-0.620,0,0.784),CFrame=CFrame.new(-45.844,57.128,-874.199,-1.000000,0.000315,-0.000924,0.000000,0.946670,0.322204,0.000976,0.322204,-0.946670),FOV=70.00,Time=2.8124},
{Pos=Vector3.new(-47.162,51.700,-860.655),Vel=Vector3.new(-24.178,0.000,31.866),Move=Vector3.new(-0.604,0,0.797),CFrame=CFrame.new(-46.467,57.128,-873.417,-1.000000,0.000315,-0.000924,0.000000,0.946670,0.322204,0.000976,0.322204,-0.946670),FOV=70.00,Time=2.8397},
{Pos=Vector3.new(-47.765,51.700,-859.857),Vel=Vector3.new(-24.088,0.000,31.934),Move=Vector3.new(-0.602,0,0.798),CFrame=CFrame.new(-47.312,57.037,-872.518,-0.999921,0.003971,-0.011969,0.000000,0.949117,0.314925,0.012611,0.314900,-0.949041),FOV=70.00,Time=2.8626},
{Pos=Vector3.new(-48.356,51.700,-859.051),Vel=Vector3.new(-23.626,0.000,32.277),Move=Vector3.new(-0.591,0,0.807),CFrame=CFrame.new(-48.054,56.854,-871.777,-0.999706,0.007281,-0.023125,0.000000,0.953841,0.300311,0.024244,0.300222,-0.953561),FOV=70.00,Time=2.8881},
{Pos=Vector3.new(-49.035,51.700,-858.102),Vel=Vector3.new(-23.248,0.000,32.551),Move=Vector3.new(-0.581,0,0.814),CFrame=CFrame.new(-48.656,56.988,-871.396,-0.999706,0.007281,-0.023125,0.000000,0.953841,0.300311,0.024244,0.300222,-0.953561),FOV=70.00,Time=2.9199},
{Pos=Vector3.new(-49.616,51.700,-857.288),Vel=Vector3.new(-23.217,0.000,32.572),Move=Vector3.new(-0.580,0,0.814),CFrame=CFrame.new(-49.379,57.565,-872.281,-0.999706,0.007281,-0.023125,0.000000,0.953841,0.300311,0.024244,0.300222,-0.953561),FOV=70.00,Time=2.9406},
{Pos=Vector3.new(-50.191,51.700,-856.470),Vel=Vector3.new(-22.973,0.000,32.745),Move=Vector3.new(-0.574,0,0.819),CFrame=CFrame.new(-49.997,58.050,-873.005,-0.999706,0.007281,-0.023125,0.000000,0.953841,0.300311,0.024244,0.300222,-0.953561),FOV=70.00,Time=2.9664},
{Pos=Vector3.new(-50.757,51.700,-855.645),Vel=Vector3.new(-22.600,0.000,33.004),Move=Vector3.new(-0.565,0,0.825),CFrame=CFrame.new(-50.616,58.623,-874.005,-0.999706,0.007281,-0.023125,0.000000,0.953841,0.300311,0.024244,0.300222,-0.953561),FOV=70.00,Time=2.9928},
{Pos=Vector3.new(-51.310,51.700,-854.813),Vel=Vector3.new(-22.087,0.000,33.349),Move=Vector3.new(-0.552,0,0.834),CFrame=CFrame.new(-51.202,58.879,-873.994,-0.999706,0.007281,-0.023125,0.000000,0.953841,0.300311,0.024244,0.300222,-0.953561),FOV=70.00,Time=3.0177},
{Pos=Vector3.new(-51.834,51.700,-853.961),Vel=Vector3.new(-20.832,0.000,34.147),Move=Vector3.new(-0.521,0,0.854),CFrame=CFrame.new(-51.755,58.879,-873.161,-0.999706,0.007281,-0.023125,0.000000,0.953841,0.300311,0.024244,0.300222,-0.953561),FOV=70.00,Time=3.0452},
{Pos=Vector3.new(-52.418,51.700,-852.951),Vel=Vector3.new(-19.946,0.000,34.672),Move=Vector3.new(-0.499,0,0.867),CFrame=CFrame.new(-52.491,58.989,-872.268,-0.999356,0.010978,-0.034152,0.000000,0.952024,0.306023,0.035873,0.305826,-0.951411),FOV=70.00,Time=3.0719},
{Pos=Vector3.new(-52.887,51.700,-852.068),Vel=Vector3.new(-18.633,0.000,35.395),Move=Vector3.new(-0.466,0,0.885),CFrame=CFrame.new(-53.286,59.098,-871.214,-0.998871,0.014806,-0.045133,0.000000,0.950180,0.311701,0.047500,0.311349,-0.949108),FOV=70.00,Time=3.0971},
{Pos=Vector3.new(-53.320,51.700,-851.167),Vel=Vector3.new(-17.202,0.000,36.112),Move=Vector3.new(-0.430,0,0.903),CFrame=CFrame.new(-53.963,59.315,-870.247,-0.998251,0.019094,-0.055950,0.000000,0.946407,0.322977,0.059118,0.322412,-0.944751),FOV=70.00,Time=3.1215},
{Pos=Vector3.new(-53.732,51.700,-850.255),Vel=Vector3.new(-16.383,0.000,36.491),Move=Vector3.new(-0.410,0,0.912),CFrame=CFrame.new(-54.606,59.422,-869.295,-0.997496,0.023238,-0.066802,0.000000,0.944486,0.328552,0.070728,0.327729,-0.942120),FOV=70.00,Time=3.1495},
{Pos=Vector3.new(-54.121,51.700,-849.334),Vel=Vector3.new(-15.476,0.000,36.885),Move=Vector3.new(-0.387,0,0.922),CFrame=CFrame.new(-55.012,59.635,-868.308,-0.997496,0.024021,-0.066524,0.000000,0.940562,0.339623,0.070728,0.338773,-0.938206),FOV=70.00,Time=3.1716},
{Pos=Vector3.new(-54.501,51.700,-848.409),Vel=Vector3.new(-15.155,0.000,37.018),Move=Vector3.new(-0.379,0,0.925),CFrame=CFrame.new(-55.605,59.845,-867.294,-0.996605,0.028862,-0.077106,0.000000,0.936541,0.350558,0.082331,0.349368,-0.933361),FOV=70.00,Time=3.1979},
{Pos=Vector3.new(-54.863,51.700,-847.477),Vel=Vector3.new(-14.406,0.000,37.316),Move=Vector3.new(-0.360,0,0.933),CFrame=CFrame.new(-55.981,59.950,-866.330,-0.996605,0.029307,-0.076938,0.000000,0.934499,0.355965,0.082331,0.354756,-0.931327),FOV=70.00,Time=3.2231},
{Pos=Vector3.new(-55.212,51.700,-846.540),Vel=Vector3.new(-13.929,0.000,37.496),Move=Vector3.new(-0.348,0,0.937),CFrame=CFrame.new(-56.544,60.156,-865.299,-0.995580,0.034441,-0.087378,0.000000,0.930340,0.366699,0.093920,0.365078,-0.926227),FOV=70.00,Time=3.2485},
{Pos=Vector3.new(-55.583,51.700,-845.434),Vel=Vector3.new(-12.614,0.000,37.959),Move=Vector3.new(-0.315,0,0.949),CFrame=CFrame.new(-56.886,60.360,-864.281,-0.995580,0.035436,-0.086979,0.000000,0.926091,0.377300,0.093920,0.375632,-0.921998),FOV=70.00,Time=3.2739},
{Pos=Vector3.new(-55.829,51.700,-844.638),Vel=Vector3.new(-11.676,0.000,38.258),Move=Vector3.new(-0.292,0,0.957),CFrame=CFrame.new(-57.249,60.562,-863.092,-0.995580,0.036420,-0.086572,0.000000,0.921756,0.387770,0.093920,0.386056,-0.917682),FOV=70.00,Time=3.2975},
{Pos=Vector3.new(-56.101,51.700,-843.675),Vel=Vector3.new(-10.805,0.000,38.513),Move=Vector3.new(-0.270,0,0.963),CFrame=CFrame.new(-57.695,60.661,-862.233,-0.994420,0.041455,-0.097011,0.000000,0.919562,0.392945,0.105497,0.390753,-0.914430),FOV=70.00,Time=3.3216},
{Pos=Vector3.new(-56.345,51.700,-842.706),Vel=Vector3.new(-9.661,0.000,38.816),Move=Vector3.new(-0.241,0,0.970),CFrame=CFrame.new(-58.167,60.760,-861.206,-0.993125,0.046601,-0.107386,0.000000,0.917347,0.398089,0.117062,0.395352,-0.911040),FOV=70.00,Time=3.3456},
{Pos=Vector3.new(-56.560,51.700,-841.729),Vel=Vector3.new(-8.463,0.000,39.095),Move=Vector3.new(-0.211,0,0.977),CFrame=CFrame.new(-58.813,60.858,-860.141,-0.990132,0.056504,-0.128242,0.000000,0.915112,0.403200,0.140138,0.399221,-0.906082),FOV=70.00,Time=3.3757},
{Pos=Vector3.new(-56.732,51.700,-840.744),Vel=Vector3.new(-6.703,0.000,39.434),Move=Vector3.new(-0.167,0,0.986),CFrame=CFrame.new(-59.027,60.858,-859.164,-0.990132,0.056504,-0.128242,0.000000,0.915112,0.403200,0.140138,0.399221,-0.906082),FOV=70.00,Time=3.3951},
{Pos=Vector3.new(-56.853,51.700,-839.919),Vel=Vector3.new(-5.694,0.000,39.593),Move=Vector3.new(-0.142,0,0.990),CFrame=CFrame.new(-59.199,60.858,-858.179,-0.990132,0.056504,-0.128242,0.000000,0.915112,0.403200,0.140138,0.399221,-0.906082),FOV=70.00,Time=3.4183},
{Pos=Vector3.new(-56.980,51.700,-838.927),Vel=Vector3.new(-5.030,0.000,39.682),Move=Vector3.new(-0.126,0,0.992),CFrame=CFrame.new(-59.320,60.858,-857.354,-0.990132,0.056504,-0.128242,0.000000,0.915112,0.403200,0.140138,0.399221,-0.906082),FOV=70.00,Time=3.4491},
{Pos=Vector3.new(-57.092,51.700,-837.934),Vel=Vector3.new(-4.426,0.000,39.754),Move=Vector3.new(-0.111,0,0.994),CFrame=CFrame.new(-59.448,60.858,-856.362,-0.990132,0.056504,-0.128242,0.000000,0.915112,0.403200,0.140138,0.399221,-0.906082),FOV=70.00,Time=3.4679},
{Pos=Vector3.new(-57.204,51.700,-836.773),Vel=Vector3.new(-3.786,0.000,39.820),Move=Vector3.new(-0.095,0,0.996),CFrame=CFrame.new(-59.560,60.858,-855.369,-0.990132,0.056504,-0.128242,0.000000,0.915112,0.403200,0.140138,0.399221,-0.906082),FOV=70.00,Time=3.4957},
{Pos=Vector3.new(-57.271,51.700,-835.942),Vel=Vector3.new(-3.162,0.000,39.875),Move=Vector3.new(-0.079,0,0.997),CFrame=CFrame.new(-59.672,60.858,-854.208,-0.990132,0.056504,-0.128242,0.000000,0.915112,0.403200,0.140138,0.399221,-0.906082),FOV=70.00,Time=3.5175},
{Pos=Vector3.new(-57.346,51.700,-834.945),Vel=Vector3.new(-2.951,0.000,39.891),Move=Vector3.new(-0.074,0,0.997),CFrame=CFrame.new(-59.739,60.858,-853.377,-0.990132,0.056504,-0.128242,0.000000,0.915112,0.403200,0.140138,0.399221,-0.906082),FOV=70.00,Time=3.5443},
{Pos=Vector3.new(-57.414,51.700,-833.947),Vel=Vector3.new(-2.710,0.000,39.908),Move=Vector3.new(-0.068,0,0.998),CFrame=CFrame.new(-59.813,60.858,-852.380,-0.990132,0.056504,-0.128242,0.000000,0.915112,0.403200,0.140138,0.399221,-0.906082),FOV=70.00,Time=3.5685},
{Pos=Vector3.new(-57.473,51.700,-832.949),Vel=Vector3.new(-2.339,0.000,39.932),Move=Vector3.new(-0.058,0,0.998),CFrame=CFrame.new(-59.882,60.858,-851.382,-0.990132,0.056504,-0.128242,0.000000,0.915112,0.403200,0.140138,0.399221,-0.906082),FOV=70.00,Time=3.5931},
{Pos=Vector3.new(-57.523,51.700,-831.950),Vel=Vector3.new(-1.937,0.000,39.953),Move=Vector3.new(-0.048,0,0.999),CFrame=CFrame.new(-59.941,60.858,-850.384,-0.990132,0.056504,-0.128242,0.000000,0.915112,0.403200,0.140138,0.399221,-0.906082),FOV=70.00,Time=3.6203},
{Pos=Vector3.new(-57.567,51.700,-830.951),Vel=Vector3.new(-1.738,0.000,39.962),Move=Vector3.new(-0.043,0,0.999),CFrame=CFrame.new(-59.990,60.858,-849.385,-0.990132,0.056504,-0.128242,0.000000,0.915112,0.403200,0.140138,0.399221,-0.906082),FOV=70.00,Time=3.6421},
{Pos=Vector3.new(-57.606,51.700,-829.952),Vel=Vector3.new(-1.540,0.000,39.970),Move=Vector3.new(-0.038,0,0.999),CFrame=CFrame.new(-60.034,60.858,-848.386,-0.990132,0.056504,-0.128242,0.000000,0.915112,0.403200,0.140138,0.399221,-0.906082),FOV=70.00,Time=3.6675},
{Pos=Vector3.new(-57.631,51.700,-829.119),Vel=Vector3.new(-1.179,0.000,39.983),Move=Vector3.new(-0.029,0,1.000),CFrame=CFrame.new(-60.073,60.858,-847.387,-0.990132,0.056504,-0.128242,0.000000,0.915112,0.403200,0.140138,0.399221,-0.906082),FOV=70.00,Time=3.6903},
{Pos=Vector3.new(-57.656,51.700,-828.119),Vel=Vector3.new(-0.982,0.000,39.988),Move=Vector3.new(-0.025,0,1.000),CFrame=CFrame.new(-60.099,60.858,-846.554,-0.990132,0.056504,-0.128242,0.000000,0.915112,0.403200,0.140138,0.399221,-0.906082),FOV=70.00,Time=3.7147},
{Pos=Vector3.new(-57.677,51.700,-826.953),Vel=Vector3.new(-0.676,0.000,39.994),Move=Vector3.new(-0.017,0,1.000),CFrame=CFrame.new(-60.124,60.858,-845.554,-0.990132,0.056504,-0.128242,0.000000,0.915112,0.403200,0.140138,0.399221,-0.906082),FOV=70.00,Time=3.7415},
{Pos=Vector3.new(-57.685,51.700,-826.120),Vel=Vector3.new(-0.342,0.000,39.999),Move=Vector3.new(-0.008,0,1.000),CFrame=CFrame.new(-60.144,60.858,-844.388,-0.990132,0.056504,-0.128242,0.000000,0.915112,0.403200,0.140138,0.399221,-0.906082),FOV=70.00,Time=3.7642},
{Pos=Vector3.new(-57.689,51.700,-825.120),Vel=Vector3.new(-0.172,0.000,40.000),Move=Vector3.new(-0.004,0,1.000),CFrame=CFrame.new(-60.152,60.858,-843.555,-0.990132,0.056504,-0.128242,0.000000,0.915112,0.403200,0.140138,0.399221,-0.906082),FOV=70.00,Time=3.7875},
{Pos=Vector3.new(-57.690,51.700,-824.119),Vel=Vector3.new(-0.004,0.000,40.000),Move=Vector3.new(-0.000,0,1.000),CFrame=CFrame.new(-60.157,60.858,-842.555,-0.990132,0.056504,-0.128242,0.000000,0.915112,0.403200,0.140138,0.399221,-0.906082),FOV=70.00,Time=3.8142},
{Pos=Vector3.new(-57.682,51.700,-823.119),Vel=Vector3.new(0.332,0.000,39.999),Move=Vector3.new(0.008,0,1.000),CFrame=CFrame.new(-60.157,60.858,-841.554,-0.990132,0.056504,-0.128242,0.000000,0.915112,0.403200,0.140138,0.399221,-0.906082),FOV=70.00,Time=3.8366},
{Pos=Vector3.new(-57.672,51.700,-822.286),Vel=Vector3.new(0.501,0.000,39.997),Move=Vector3.new(0.013,0,1.000),CFrame=CFrame.new(-60.150,60.858,-840.554,-0.990132,0.056504,-0.128242,0.000000,0.915112,0.403200,0.140138,0.399221,-0.906082),FOV=70.00,Time=3.8633},
{Pos=Vector3.new(-57.655,51.700,-821.286),Vel=Vector3.new(0.691,0.000,39.994),Move=Vector3.new(0.017,0,1.000),CFrame=CFrame.new(-60.140,60.858,-839.721,-0.990132,0.056504,-0.128242,0.000000,0.915112,0.403200,0.140138,0.399221,-0.906082),FOV=70.00,Time=3.8837},
{Pos=Vector3.new(-57.633,51.700,-820.287),Vel=Vector3.new(0.900,0.000,39.990),Move=Vector3.new(0.023,0,1.000),CFrame=CFrame.new(-60.123,60.858,-838.721,-0.990132,0.056504,-0.128242,0.000000,0.915112,0.403200,0.140138,0.399221,-0.906082),FOV=70.00,Time=3.9097},
