local RunService = game:GetService("RunService")
local Players = game:GetService("Players")
local lp = Players.LocalPlayer
local cam = workspace.CurrentCamera
local char = lp.Character or lp.CharacterAdded:Wait()
local hrp = char:WaitForChild("HumanoidRootPart")
local hum = char:WaitForChild("Humanoid")

local originalCamType = cam.CameraType
local originalAutoRotate = hum.AutoRotate
local originalWalkSpeed = hum.WalkSpeed
local originalHipHeight = hum.HipHeight

hum.AutoRotate = false
cam.CameraType = Enum.CameraType.Scriptable

local frames = {
{Pos=Vector3.new(-47.447,155.040,-43.849),Vel=Vector3.new(-0.000,0.001,0.000),Move=Vector3.new(0.000,0,0.000),CFrame=CFrame.new(-32.082,168.793,-29.665,0.678300,-0.370349,0.634626,0.000000,0.863690,0.504024,-0.734785,-0.341879,0.585841),hrpCFrame=CFrame.new(-47.447,155.040,-43.849,0.731692,0.000000,0.681635,-0.000000,1.000000,0.000000,-0.681635,-0.000000,0.731692),FOV=70.00,Time=0.0000,WalkSpeed=46.00},
{Pos=Vector3.new(-47.447,155.040,-43.849),Vel=Vector3.new(0.000,0.001,-0.000),Move=Vector3.new(0.000,0,0.000),CFrame=CFrame.new(-32.082,168.793,-29.665,0.678300,-0.370349,0.634626,0.000000,0.863690,0.504024,-0.734785,-0.341879,0.585841),hrpCFrame=CFrame.new(-47.447,155.040,-43.849,0.731692,0.000000,0.681635,-0.000000,1.000000,0.000000,-0.681635,-0.000000,0.731692),FOV=70.00,Time=0.0261,WalkSpeed=46.00},
{Pos=Vector3.new(-47.447,155.040,-43.849),Vel=Vector3.new(0.000,0.001,-0.000),Move=Vector3.new(0.000,0,0.000),CFrame=CFrame.new(-32.082,168.793,-29.665,0.678300,-0.370349,0.634626,0.000000,0.863690,0.504024,-0.734785,-0.341879,0.585841),hrpCFrame=CFrame.new(-47.447,155.040,-43.849,0.731692,0.000000,0.681635,-0.000000,1.000000,0.000000,-0.681635,-0.000000,0.731692),FOV=70.00,Time=0.0519,WalkSpeed=46.00},
{Pos=Vector3.new(-47.447,155.040,-43.849),Vel=Vector3.new(0.000,0.001,-0.000),Move=Vector3.new(0.000,0,0.000),CFrame=CFrame.new(-32.082,168.793,-29.665,0.678300,-0.370349,0.634626,0.000000,0.863690,0.504024,-0.734785,-0.341879,0.585841),hrpCFrame=CFrame.new(-47.447,155.040,-43.849,0.731692,-0.000000,0.681635,0.000000,1.000000,-0.000000,-0.681635,0.000000,0.731692),FOV=70.00,Time=0.0749,WalkSpeed=46.00},
{Pos=Vector3.new(-47.447,155.040,-43.849),Vel=Vector3.new(0.000,0.001,-0.000),Move=Vector3.new(0.000,0,0.000),CFrame=CFrame.new(-32.082,168.793,-29.665,0.678300,-0.370349,0.634626,0.000000,0.863690,0.504024,-0.734785,-0.341879,0.585841),hrpCFrame=CFrame.new(-47.447,155.040,-43.849,0.731692,-0.000000,0.681635,0.000000,1.000000,-0.000000,-0.681635,0.000000,0.731692),FOV=70.00,Time=0.1048,WalkSpeed=46.00},
{Pos=Vector3.new(-47.447,155.040,-43.849),Vel=Vector3.new(0.000,0.001,-0.000),Move=Vector3.new(0.000,0,0.000),CFrame=CFrame.new(-32.082,168.793,-29.665,0.678300,-0.370349,0.634626,0.000000,0.863690,0.504024,-0.734785,-0.341879,0.585841),hrpCFrame=CFrame.new(-47.447,155.040,-43.849,0.731692,-0.000000,0.681635,0.000000,1.000000,-0.000000,-0.681635,0.000000,0.731692),FOV=70.00,Time=0.1282,WalkSpeed=46.00},
{Pos=Vector3.new(-47.447,155.040,-43.849),Vel=Vector3.new(-0.000,0.001,0.000),Move=Vector3.new(0.000,0,0.000),CFrame=CFrame.new(-32.082,168.793,-29.665,0.678300,-0.370349,0.634626,0.000000,0.863690,0.504024,-0.734785,-0.341879,0.585841),hrpCFrame=CFrame.new(-47.447,155.040,-43.849,0.731692,-0.000000,0.681635,0.000000,1.000000,-0.000000,-0.681635,0.000000,0.731692),FOV=70.00,Time=0.1543,WalkSpeed=46.00},
{Pos=Vector3.new(-47.447,155.040,-43.849),Vel=Vector3.new(-0.000,0.001,0.000),Move=Vector3.new(0.000,0,0.000),CFrame=CFrame.new(-32.082,168.793,-29.665,0.678300,-0.370349,0.634626,0.000000,0.863690,0.504024,-0.734785,-0.341879,0.585841),hrpCFrame=CFrame.new(-47.447,155.040,-43.849,0.731692,-0.000000,0.681635,0.000000,1.000000,-0.000000,-0.681635,0.000000,0.731692),FOV=70.00,Time=0.1756,WalkSpeed=46.00},
{Pos=Vector3.new(-47.447,155.040,-43.849),Vel=Vector3.new(-0.000,0.001,0.000),Move=Vector3.new(0.000,0,0.000),CFrame=CFrame.new(-32.082,168.793,-29.665,0.678300,-0.370349,0.634626,0.000000,0.863690,0.504024,-0.734785,-0.341879,0.585841),hrpCFrame=CFrame.new(-47.447,155.040,-43.849,0.731692,0.000000,0.681635,-0.000000,1.000000,0.000000,-0.681635,-0.000000,0.731692),FOV=70.00,Time=0.2038,WalkSpeed=46.00},
{Pos=Vector3.new(-47.447,155.040,-43.849),Vel=Vector3.new(-0.000,0.001,0.000),Move=Vector3.new(0.000,0,0.000),CFrame=CFrame.new(-32.082,168.793,-29.665,0.678300,-0.370349,0.634626,0.000000,0.863690,0.504024,-0.734785,-0.341879,0.585841),hrpCFrame=CFrame.new(-47.447,155.040,-43.849,0.731692,0.000000,0.681635,-0.000000,1.000000,0.000000,-0.681635,-0.000000,0.731692),FOV=70.00,Time=0.2269,WalkSpeed=46.00},
{Pos=Vector3.new(-47.447,155.040,-43.849),Vel=Vector3.new(0.000,0.001,-0.000),Move=Vector3.new(0.000,0,0.000),CFrame=CFrame.new(-32.082,168.793,-29.665,0.678300,-0.370349,0.634626,0.000000,0.863690,0.504024,-0.734785,-0.341879,0.585841),hrpCFrame=CFrame.new(-47.447,155.040,-43.849,0.731692,0.000000,0.681635,-0.000000,1.000000,0.000000,-0.681635,-0.000000,0.731692),FOV=70.00,Time=0.2520,WalkSpeed=46.00},
{Pos=Vector3.new(-47.447,155.040,-43.849),Vel=Vector3.new(0.000,0.001,-0.000),Move=Vector3.new(0.000,0,0.000),CFrame=CFrame.new(-32.082,168.793,-29.665,0.678300,-0.370349,0.634626,0.000000,0.863690,0.504024,-0.734785,-0.341879,0.585841),hrpCFrame=CFrame.new(-47.447,155.040,-43.849,0.731692,0.000000,0.681635,-0.000000,1.000000,0.000000,-0.681635,-0.000000,0.731692),FOV=70.00,Time=0.2748,WalkSpeed=46.00},
{Pos=Vector3.new(-47.447,155.040,-43.849),Vel=Vector3.new(0.000,0.001,-0.000),Move=Vector3.new(0.000,0,0.000),CFrame=CFrame.new(-32.082,168.793,-29.665,0.678300,-0.370349,0.634626,0.000000,0.863690,0.504024,-0.734785,-0.341879,0.585841),hrpCFrame=CFrame.new(-47.447,155.040,-43.849,0.731692,-0.000000,0.681635,0.000000,1.000000,-0.000000,-0.681635,0.000000,0.731692),FOV=70.00,Time=0.3014,WalkSpeed=46.00},
{Pos=Vector3.new(-47.447,155.040,-43.849),Vel=Vector3.new(0.000,0.001,-0.000),Move=Vector3.new(0.000,0,0.000),CFrame=CFrame.new(-32.082,168.793,-29.665,0.678300,-0.370349,0.634626,0.000000,0.863690,0.504024,-0.734785,-0.341879,0.585841),hrpCFrame=CFrame.new(-47.447,155.040,-43.849,0.731692,-0.000000,0.681635,0.000000,1.000000,-0.000000,-0.681635,0.000000,0.731692),FOV=70.00,Time=0.3260,WalkSpeed=46.00},
{Pos=Vector3.new(-47.447,155.040,-43.849),Vel=Vector3.new(0.000,0.001,-0.000),Move=Vector3.new(0.000,0,0.000),CFrame=CFrame.new(-37.341,168.470,-25.331,0.877796,-0.235062,0.417396,0.000000,0.871329,0.490700,-0.479034,-0.430734,0.764849),hrpCFrame=CFrame.new(-47.447,155.040,-43.849,0.731692,-0.000000,0.681635,0.000000,1.000000,-0.000000,-0.681635,0.000000,0.731692),FOV=70.00,Time=0.3508,WalkSpeed=46.00},
{Pos=Vector3.new(-47.447,155.040,-43.849),Vel=Vector3.new(-0.000,0.001,0.000),Move=Vector3.new(0.000,0,0.000),CFrame=CFrame.new(-46.957,167.153,-22.069,0.999747,-0.009814,0.020241,0.000000,0.899812,0.436277,-0.022495,-0.436167,0.899585),hrpCFrame=CFrame.new(-47.447,155.040,-43.849,0.731692,-0.000000,0.681635,0.000000,1.000000,-0.000000,-0.681635,0.000000,0.731692),FOV=70.00,Time=0.3718,WalkSpeed=46.00},
{Pos=Vector3.new(-47.447,155.040,-43.849),Vel=Vector3.new(-0.000,0.001,0.000),Move=Vector3.new(0.000,0,0.000),CFrame=CFrame.new(-51.792,166.648,-22.259,0.980348,0.081954,-0.179446,0.000000,0.909624,0.415433,0.197275,-0.407269,0.891748),hrpCFrame=CFrame.new(-47.447,155.040,-43.849,0.731692,-0.000000,0.681635,0.000000,1.000000,-0.000000,-0.681635,0.000000,0.731692),FOV=70.00,Time=0.4030,WalkSpeed=46.00},
{Pos=Vector3.new(-47.279,155.040,-43.901),Vel=Vector3.new(9.106,0.001,-2.825),Move=Vector3.new(0.955,0,-0.296),CFrame=CFrame.new(-52.810,166.479,-22.410,0.970109,0.099116,-0.221507,0.000000,0.912787,0.408435,0.242671,-0.396226,0.885503),hrpCFrame=CFrame.new(-47.279,155.040,-43.901,0.876965,-0.000000,0.480555,0.000000,1.000000,0.000000,-0.480555,-0.000000,0.876965),FOV=70.00,Time=0.4261,WalkSpeed=46.00},
{Pos=Vector3.new(-46.363,155.040,-44.096),Vel=Vector3.new(44.149,0.001,-8.875),Move=Vector3.new(0.980,0,-0.197),CFrame=CFrame.new(-53.387,166.479,-22.662,0.961048,0.112883,-0.252276,0.000000,0.912787,0.408435,0.276380,-0.392526,0.877233),hrpCFrame=CFrame.new(-46.363,155.040,-44.096,0.997969,-0.000000,0.063702,0.000000,1.000000,0.000001,-0.063702,-0.000001,0.997969),FOV=70.00,Time=0.4557,WalkSpeed=46.00},
{Pos=Vector3.new(-45.052,155.040,-44.371),Vel=Vector3.new(45.011,0.001,-9.484),Move=Vector3.new(0.979,0,-0.206),CFrame=CFrame.new(-52.471,166.479,-22.857,0.961048,0.112883,-0.252276,0.000000,0.912787,0.408435,0.276380,-0.392526,0.877233),hrpCFrame=CFrame.new(-45.052,155.040,-44.371,0.958415,0.000000,-0.285379,0.000000,1.000000,0.000001,0.285379,-0.000001,0.958415),FOV=70.00,Time=0.4832,WalkSpeed=46.00},
{Pos=Vector3.new(-43.939,155.040,-44.660),Vel=Vector3.new(44.464,0.001,-11.787),Move=Vector3.new(0.967,0,-0.256),CFrame=CFrame.new(-51.130,166.723,-23.239,0.961048,0.115669,-0.251011,0.000000,0.908210,0.418514,0.276380,-0.402213,0.872834),hrpCFrame=CFrame.new(-43.939,155.040,-44.660,0.871619,0.000000,-0.490183,0.000000,1.000000,0.000000,0.490183,-0.000000,0.871619),FOV=70.00,Time=0.5055,WalkSpeed=46.00},
{Pos=Vector3.new(-42.655,155.040,-45.048),Vel=Vector3.new(43.995,0.001,-13.432),Move=Vector3.new(0.956,0,-0.292),CFrame=CFrame.new(-49.985,166.964,-23.636,0.961048,0.118420,-0.249725,0.000000,0.903558,0.428467,0.276380,-0.411777,0.868363),hrpCFrame=CFrame.new(-42.655,155.040,-45.048,0.763150,0.000000,-0.646222,0.000000,1.000000,0.000000,0.646222,-0.000000,0.763150),FOV=70.00,Time=0.5370,WalkSpeed=46.00},
{Pos=Vector3.new(-41.560,155.040,-45.398),Vel=Vector3.new(43.791,0.001,-14.083),Move=Vector3.new(0.952,0,-0.306),CFrame=CFrame.new(-48.701,166.964,-24.024,0.961048,0.118420,-0.249725,0.000000,0.903558,0.428467,0.276380,-0.411777,0.868363),hrpCFrame=CFrame.new(-41.560,155.040,-45.398,0.679709,0.000000,-0.733482,0.000000,1.000000,0.000000,0.733482,-0.000000,0.679709),FOV=70.00,Time=0.5616,WalkSpeed=46.00},
{Pos=Vector3.new(-40.303,155.040,-45.867),Vel=Vector3.new(43.032,0.001,-16.255),Move=Vector3.new(0.935,0,-0.353),CFrame=CFrame.new(-47.606,166.964,-24.374,0.961048,0.118420,-0.249725,0.000000,0.903558,0.428467,0.276380,-0.411777,0.868363),hrpCFrame=CFrame.new(-40.303,155.040,-45.867,0.604513,0.000000,-0.796595,0.000000,1.000000,0.000000,0.796595,-0.000000,0.604513),FOV=70.00,Time=0.5902,WalkSpeed=46.00},
{Pos=Vector3.new(-39.426,155.040,-46.255),Vel=Vector3.new(41.938,0.001,-18.898),Move=Vector3.new(0.912,0,-0.411),CFrame=CFrame.new(-46.349,166.964,-24.843,0.961048,0.118420,-0.249725,0.000000,0.903558,0.428467,0.276380,-0.411777,0.868363),hrpCFrame=CFrame.new(-39.426,155.040,-46.255,0.568313,0.000000,-0.822812,0.000000,1.000000,0.000000,0.822812,-0.000000,0.568313),FOV=70.00,Time=0.6120,WalkSpeed=46.00},
{Pos=Vector3.new(-38.410,155.040,-46.793),Vel=Vector3.new(40.501,0.001,-21.808),Move=Vector3.new(0.880,0,-0.474),CFrame=CFrame.new(-45.141,166.395,-26.382,0.961048,0.118420,-0.249725,0.000000,0.903558,0.428467,0.276380,-0.411777,0.868363),hrpCFrame=CFrame.new(-38.410,155.040,-46.793,0.545308,0.000000,-0.838236,-0.000000,1.000000,0.000000,0.838236,-0.000000,0.545308),FOV=70.00,Time=0.6394,WalkSpeed=46.00},
{Pos=Vector3.new(-37.398,156.318,-47.338),Vel=Vector3.new(40.501,49.066,-21.808),Move=Vector3.new(0.857,0,-0.516),CFrame=CFrame.new(-44.186,166.500,-26.708,0.961048,0.118420,-0.249725,0.000000,0.903558,0.428467,0.276380,-0.411777,0.868363),hrpCFrame=CFrame.new(-37.398,156.318,-47.338,0.525864,0.000000,-0.850569,-0.000000,1.000000,0.000000,0.850569,-0.000000,0.525864),FOV=70.00,Time=0.6689,WalkSpeed=46.00},
{Pos=Vector3.new(-36.091,157.831,-48.138),Vel=Vector3.new(38.482,42.526,-25.197),Move=Vector3.new(0.836,0,-0.549),CFrame=CFrame.new(-43.272,167.946,-26.912,0.961048,0.118420,-0.249725,0.000000,0.903558,0.428467,0.276380,-0.411777,0.868363),hrpCFrame=CFrame.new(-36.091,157.831,-48.138,0.526484,0.000000,-0.850185,-0.000000,1.000000,0.000000,0.850185,-0.000000,0.526484),FOV=70.00,Time=0.6981,WalkSpeed=46.00},
{Pos=Vector3.new(-35.310,158.665,-48.692),Vel=Vector3.new(36.922,38.438,-27.426),Move=Vector3.new(0.800,0,-0.600),CFrame=CFrame.new(-42.038,169.583,-27.461,0.961048,0.118420,-0.249725,0.000000,0.903558,0.428467,0.276380,-0.411777,0.868363),hrpCFrame=CFrame.new(-35.310,158.665,-48.692,0.536682,0.000000,-0.843784,-0.000000,1.000000,0.000000,0.843784,-0.000000,0.536682),FOV=70.00,Time=0.7200,WalkSpeed=46.00},
{Pos=Vector3.new(-34.253,159.691,-49.518),Vel=Vector3.new(36.172,32.716,-28.418),Move=Vector3.new(0.786,0,-0.618),CFrame=CFrame.new(-41.292,170.479,-27.890,0.961048,0.118420,-0.249725,0.000000,0.903558,0.428467,0.276380,-0.411777,0.868363),hrpCFrame=CFrame.new(-34.253,159.691,-49.518,0.555542,0.000000,-0.831488,-0.000000,1.000000,0.000000,0.831488,0.000000,0.555542),FOV=70.00,Time=0.7444,WalkSpeed=46.00},
{Pos=Vector3.new(-33.223,160.550,-50.378),Vel=Vector3.new(35.142,26.993,-29.682),Move=Vector3.new(0.764,0,-0.645),CFrame=CFrame.new(-40.262,171.552,-28.620,0.961048,0.118420,-0.249725,0.000000,0.903558,0.428467,0.276380,-0.411777,0.868363),hrpCFrame=CFrame.new(-33.223,160.550,-50.378,0.576652,-0.000000,-0.816990,-0.000000,1.000000,-0.000000,0.816990,0.000000,0.576652),FOV=70.00,Time=0.7743,WalkSpeed=46.00},
{Pos=Vector3.new(-32.218,161.242,-51.266),Vel=Vector3.new(34.383,21.271,-30.558),Move=Vector3.new(0.747,0,-0.664),CFrame=CFrame.new(-39.250,172.441,-29.419,0.961048,0.118420,-0.249725,0.000000,0.903558,0.428467,0.276380,-0.411777,0.868363),hrpCFrame=CFrame.new(-32.218,161.242,-51.266,0.597794,-0.000000,-0.801650,-0.000000,1.000000,-0.000000,0.801650,0.000000,0.597794),FOV=70.00,Time=0.8026,WalkSpeed=46.00},
{Pos=Vector3.new(-31.116,161.828,-52.332),Vel=Vector3.new(32.691,14.731,-32.362),Move=Vector3.new(0.711,0,-0.704),CFrame=CFrame.new(-38.254,173.149,-30.276,0.961048,0.118420,-0.249725,0.000000,0.903558,0.428467,0.276380,-0.411777,0.868363),hrpCFrame=CFrame.new(-31.116,161.828,-52.332,0.626228,0.000000,-0.779640,0.000000,1.000000,0.000000,0.779640,-0.000000,0.626228),FOV=70.00,Time=0.8336,WalkSpeed=46.00},
{Pos=Vector3.new(-30.330,162.125,-53.171),Vel=Vector3.new(31.021,9.826,-33.965),Move=Vector3.new(0.674,0,-0.739),CFrame=CFrame.new(-37.158,173.744,-31.324,0.961048,0.118420,-0.249725,0.000000,0.903558,0.428467,0.276380,-0.411777,0.868363),hrpCFrame=CFrame.new(-30.330,162.125,-53.171,0.649499,0.000000,-0.760362,0.000000,1.000000,0.000000,0.760362,-0.000000,0.649499),FOV=70.00,Time=0.8606,WalkSpeed=46.00},
{Pos=Vector3.new(-29.329,162.330,-54.333),Vel=Vector3.new(29.868,3.286,-34.984),Move=Vector3.new(0.649,0,-0.761),CFrame=CFrame.new(-36.373,174.045,-32.155,0.961048,0.118420,-0.249725,0.000000,0.903558,0.428467,0.276380,-0.411777,0.868363),hrpCFrame=CFrame.new(-29.329,162.330,-54.333,0.680672,0.000000,-0.732588,-0.000000,1.000000,0.000000,0.732588,-0.000000,0.680672),FOV=70.00,Time=0.8935,WalkSpeed=46.00},
{Pos=Vector3.new(-27.392,162.086,-56.710),Vel=Vector3.new(29.015,-9.794,-35.695),Move=Vector3.new(0.631,0,-0.776),CFrame=CFrame.new(-35.375,174.252,-33.312,0.961048,0.118420,-0.249725,0.000000,0.903558,0.428467,0.276380,-0.411777,0.868363),hrpCFrame=CFrame.new(-27.392,162.086,-56.710,0.733807,0.000000,-0.679358,-0.000000,1.000000,0.000000,0.679358,-0.000000,0.733807),FOV=70.00,Time=0.9847,WalkSpeed=46.00},
{Pos=Vector3.new(-26.498,161.637,-57.952),Vel=Vector3.new(25.119,-16.334,-38.442),Move=Vector3.new(0.519,0,-0.855),CFrame=CFrame.new(-33.438,174.009,-35.687,0.961048,0.118420,-0.249725,0.000000,0.903558,0.428467,0.276380,-0.411777,0.868363),hrpCFrame=CFrame.new(-26.498,161.637,-57.952,0.767379,0.000000,-0.641194,-0.000000,1.000000,0.000000,0.641194,-0.000000,0.767379),FOV=70.00,Time=1.0237,WalkSpeed=46.00},
{Pos=Vector3.new(-25.913,161.157,-58.940),Vel=Vector3.new(22.347,-21.239,-40.195),Move=Vector3.new(0.482,0,-0.876),CFrame=CFrame.new(-32.544,173.560,-36.928,0.961048,0.118420,-0.249725,0.000000,0.903558,0.428467,0.276380,-0.411777,0.868363),hrpCFrame=CFrame.new(-25.913,161.157,-58.940,0.791703,0.000000,-0.610906,-0.000000,1.000000,0.000000,0.610906,-0.000000,0.791703),FOV=70.00,Time=1.0381,WalkSpeed=46.00},
{Pos=Vector3.new(-25.555,160.769,-59.618),Vel=Vector3.new(21.307,-24.509,-40.767),Move=Vector3.new(0.463,0,-0.887),CFrame=CFrame.new(-31.959,173.080,-37.916,0.961048,0.118420,-0.249725,0.000000,0.903558,0.428467,0.276380,-0.411777,0.868363),hrpCFrame=CFrame.new(-25.555,160.769,-59.618,0.806241,0.000000,-0.591587,-0.000000,1.000000,0.000000,0.591587,-0.000000,0.806241),FOV=70.00,Time=1.0552,WalkSpeed=46.00},
{Pos=Vector3.new(-24.862,159.829,-60.986),Vel=Vector3.new(20.744,-31.049,-41.057),Move=Vector3.new(0.451,0,-0.893),CFrame=CFrame.new(-31.601,172.692,-38.594,0.961048,0.118420,-0.249725,0.000000,0.903558,0.428467,0.276380,-0.411777,0.868363),hrpCFrame=CFrame.new(-24.862,159.829,-60.986,0.831831,0.000000,-0.555030,-0.000000,1.000000,0.000000,0.555030,-0.000000,0.831831),FOV=70.00,Time=1.0875,WalkSpeed=46.00},
{Pos=Vector3.new(-24.257,158.828,-62.183),Vel=Vector3.new(20.744,-36.772,-41.057),Move=Vector3.new(0.451,0,-0.893),CFrame=CFrame.new(-30.908,171.753,-39.962,0.961048,0.118420,-0.249725,0.000000,0.903558,0.428467,0.276380,-0.411777,0.868363),hrpCFrame=CFrame.new(-24.257,158.828,-62.183,0.848188,0.000000,-0.529695,-0.000000,1.000000,0.000000,0.529695,-0.000000,0.848188),FOV=70.00,Time=1.1169,WalkSpeed=46.00},
{Pos=Vector3.new(-23.782,157.837,-63.230),Vel=Vector3.new(18.126,-41.677,-42.276),Move=Vector3.new(0.392,0,-0.920),CFrame=CFrame.new(-30.303,170.752,-41.159,0.961048,0.118420,-0.249725,0.000000,0.903558,0.428467,0.276380,-0.411777,0.868363),hrpCFrame=CFrame.new(-23.782,157.837,-63.230,0.863436,0.000000,-0.504458,-0.000000,1.000000,0.000000,0.504458,-0.000000,0.863436),FOV=70.00,Time=1.1437,WalkSpeed=46.00},
{Pos=Vector3.new(-23.284,156.526,-64.475),Vel=Vector3.new(16.953,-47.399,-42.762),Move=Vector3.new(0.368,0,-0.930),CFrame=CFrame.new(-29.829,169.761,-42.206,0.961048,0.118420,-0.249725,0.000000,0.903558,0.428467,0.276380,-0.411777,0.868363),hrpCFrame=CFrame.new(-23.284,156.526,-64.475,0.880752,0.000000,-0.473578,0.000000,1.000000,0.000000,0.473578,-0.000000,0.880752),FOV=70.00,Time=1.1738,WalkSpeed=46.00},
{Pos=Vector3.new(-22.742,154.824,-65.910),Vel=Vector3.new(16.191,-53.939,-43.057),Move=Vector3.new(0.352,0,-0.936),CFrame=CFrame.new(-29.330,168.450,-43.451,0.961048,0.118420,-0.249725,0.000000,0.903558,0.428467,0.276380,-0.411777,0.868363),hrpCFrame=CFrame.new(-22.742,154.824,-65.910,0.897423,0.000000,-0.441172,0.000000,1.000000,0.000000,0.441172,-0.000000,0.897423),FOV=70.00,Time=1.2071,WalkSpeed=46.00},
{Pos=Vector3.new(-22.419,154.754,-66.812),Vel=Vector3.new(15.414,6.195,-43.341),Move=Vector3.new(0.335,0,-0.942),CFrame=CFrame.new(-28.788,166.748,-44.886,0.961048,0.118420,-0.249725,0.000000,0.903558,0.428467,0.276380,-0.411777,0.868363),hrpCFrame=CFrame.new(-22.419,154.754,-66.812,0.906075,0.000000,-0.423117,0.000000,1.000000,0.000000,0.423117,-0.000000,0.906075),FOV=70.00,Time=1.2302,WalkSpeed=46.00},
{Pos=Vector3.new(-21.918,154.942,-68.261),Vel=Vector3.new(14.998,3.749,-43.486),Move=Vector3.new(0.326,0,-0.945),CFrame=CFrame.new(-28.466,166.678,-45.788,0.961048,0.118420,-0.249725,0.000000,0.903558,0.428467,0.276380,-0.411777,0.868363),hrpCFrame=CFrame.new(-21.918,154.942,-68.261,0.917752,-0.000000,-0.397154,0.000000,1.000000,0.000000,0.397154,-0.000000,0.917752),FOV=70.00,Time=1.2574,WalkSpeed=46.00},
{Pos=Vector3.new(-21.606,154.994,-69.167),Vel=Vector3.new(14.998,1.818,-43.486),Move=Vector3.new(0.326,0,-0.945),CFrame=CFrame.new(-27.965,166.865,-47.237,0.961048,0.118420,-0.249725,0.000000,0.903558,0.428467,0.276380,-0.411777,0.868363),hrpCFrame=CFrame.new(-21.606,154.994,-69.167,0.923204,-0.000000,-0.384309,0.000000,1.000000,0.000000,0.384309,-0.000000,0.923204),FOV=70.00,Time=1.2792,WalkSpeed=46.00},
{Pos=Vector3.new(-21.100,155.026,-70.615),Vel=Vector3.new(15.180,0.544,-43.423),Move=Vector3.new(0.330,0,-0.944),CFrame=CFrame.new(-26.204,166.580,-47.619,0.977987,0.086501,-0.189894,0.000000,0.910032,0.414539,0.208667,-0.405414,0.889999),hrpCFrame=CFrame.new(-21.100,155.026,-70.615,0.929391,-0.000000,-0.369096,0.000000,1.000000,0.000000,0.369096,-0.000000,0.929391),FOV=70.00,Time=1.3116,WalkSpeed=46.00},
{Pos=Vector3.new(-20.841,155.034,-71.537),Vel=Vector3.new(12.102,0.254,-44.379),Move=Vector3.new(0.263,0,-0.965),CFrame=CFrame.new(-22.420,165.759,-48.252,0.998263,0.022347,-0.054514,0.000000,0.925274,0.379299,0.058917,-0.378640,0.923667),hrpCFrame=CFrame.new(-20.841,155.034,-71.537,0.935308,-0.000000,-0.353834,0.000000,1.000000,0.000000,0.353834,-0.000000,0.935308),FOV=70.00,Time=1.3344,WalkSpeed=46.00},
{Pos=Vector3.new(-20.671,155.038,-72.867),Vel=Vector3.new(5.249,0.088,-45.699),Move=Vector3.new(0.114,0,-0.993),CFrame=CFrame.new(-21.120,165.595,-49.067,0.999923,0.004619,-0.011518,0.000000,0.928160,0.372183,0.012409,-0.372154,0.928088),hrpCFrame=CFrame.new(-20.671,155.038,-72.867,0.952250,0.000000,-0.305319,0.000000,1.000000,0.000000,0.305319,-0.000000,0.952250),FOV=70.00,Time=1.3638,WalkSpeed=46.00},
{Pos=Vector3.new(-20.589,155.039,-74.014),Vel=Vector3.new(3.081,0.035,-45.897),Move=Vector3.new(0.067,0,-0.998),CFrame=CFrame.new(-18.839,164.904,-50.203,0.996747,-0.027682,0.075684,0.000000,0.939153,0.343500,-0.080588,-0.342383,0.936098),hrpCFrame=CFrame.new(-20.589,155.039,-74.014,0.965982,0.000000,-0.258611,-0.000000,1.000000,0.000000,0.258611,-0.000000,0.965982),FOV=70.00,Time=1.3888,WalkSpeed=46.00},
{Pos=Vector3.new(-20.614,155.040,-75.355),Vel=Vector3.new(-1.234,0.012,-45.983),Move=Vector3.new(-0.027,0,-1.000),CFrame=CFrame.new(-17.152,164.380,-51.349,0.988698,-0.048241,0.141948,0.000000,0.946816,0.321775,-0.149921,-0.318138,0.936115),hrpCFrame=CFrame.new(-20.614,155.040,-75.355,0.980784,0.000000,-0.195097,-0.000000,1.000000,0.000000,0.195097,-0.000000,0.980784),FOV=70.00,Time=1.4189,WalkSpeed=46.00},
{Pos=Vector3.new(-20.718,155.040,-76.500),Vel=Vector3.new(-4.455,0.005,-45.783),Move=Vector3.new(-0.097,0,-0.995),CFrame=CFrame.new(-16.631,164.027,-52.661,0.984942,-0.053110,0.164527,0.000000,0.951646,0.307195,-0.172886,-0.302570,0.937316),hrpCFrame=CFrame.new(-20.718,155.040,-76.500,0.990500,0.000000,-0.137512,-0.000000,1.000000,0.000000,0.137512,-0.000000,0.990500),FOV=70.00,Time=1.4412,WalkSpeed=46.00},
{Pos=Vector3.new(-20.882,155.040,-77.831),Vel=Vector3.new(-5.749,0.002,-45.639),Move=Vector3.new(-0.125,0,-0.992),CFrame=CFrame.new(-16.734,164.027,-53.806,0.984942,-0.053110,0.164527,0.000000,0.951646,0.307195,-0.172886,-0.302570,0.937316),hrpCFrame=CFrame.new(-20.882,155.040,-77.831,0.997175,0.000000,-0.075110,-0.000000,1.000000,0.000000,0.075110,-0.000000,0.997175),FOV=70.00,Time=1.4717,WalkSpeed=46.00},
{Pos=Vector3.new(-21.027,155.040,-78.972),Vel=Vector3.new(-5.779,0.001,-45.636),Move=Vector3.new(-0.126,0,-0.992),CFrame=CFrame.new(-16.889,163.850,-55.082,0.984942,-0.051845,0.164930,0.000000,0.953978,0.299878,-0.172886,-0.295362,0.939612),hrpCFrame=CFrame.new(-21.027,155.040,-78.972,0.999483,0.000000,-0.032154,0.000000,1.000000,0.000000,0.032154,-0.000000,0.999483),FOV=70.00,Time=1.4971,WalkSpeed=46.00},
{Pos=Vector3.new(-21.171,155.040,-80.113),Vel=Vector3.new(-5.789,0.001,-45.634),Move=Vector3.new(-0.126,0,-0.992),CFrame=CFrame.new(-17.033,163.850,-56.223,0.984942,-0.051845,0.164930,0.000000,0.953978,0.299878,-0.172886,-0.295362,0.939612),hrpCFrame=CFrame.new(-21.171,155.040,-80.113,0.999999,-0.000000,0.001518,0.000000,1.000000,0.000000,-0.001518,-0.000000,0.999999),FOV=70.00,Time=1.5220,WalkSpeed=46.00},
{Pos=Vector3.new(-21.340,155.040,-81.444),Vel=Vector3.new(-5.798,0.001,-45.633),Move=Vector3.new(-0.126,0,-0.992),CFrame=CFrame.new(-17.178,163.850,-57.364,0.984942,-0.051845,0.164930,0.000000,0.953978,0.299878,-0.172886,-0.295362,0.939612),hrpCFrame=CFrame.new(-21.340,155.040,-81.444,0.999480,-0.000000,0.032238,0.000000,1.000000,0.000000,-0.032238,-0.000000,0.999480),FOV=70.00,Time=1.5509,WalkSpeed=46.00},
{Pos=Vector3.new(-21.458,155.040,-82.395),Vel=Vector3.new(-5.603,0.001,-45.657),Move=Vector3.new(-0.122,0,-0.993),CFrame=CFrame.new(-17.347,163.850,-58.695,0.984942,-0.051845,0.164930,0.000000,0.953978,0.299878,-0.172886,-0.295362,0.939612),hrpCFrame=CFrame.new(-21.458,155.040,-82.395,0.998811,-0.000000,0.048746,0.000000,1.000000,0.000000,-0.048746,-0.000000,0.998811),FOV=70.00,Time=1.5733,WalkSpeed=46.00},
{Pos=Vector3.new(-21.616,155.040,-83.727),Vel=Vector3.new(-5.406,0.001,-45.681),Move=Vector3.new(-0.118,0,-0.993),CFrame=CFrame.new(-17.464,163.850,-59.646,0.984942,-0.051845,0.164930,0.000000,0.953978,0.299878,-0.172886,-0.295362,0.939612),hrpCFrame=CFrame.new(-21.616,155.040,-83.727,0.997828,-0.000000,0.065872,0.000000,1.000000,0.000000,-0.065872,-0.000000,0.997828),FOV=70.00,Time=1.6008,WalkSpeed=46.00},
{Pos=Vector3.new(-21.746,155.040,-84.870),Vel=Vector3.new(-5.198,0.001,-45.705),Move=Vector3.new(-0.113,0,-0.994),CFrame=CFrame.new(-17.623,163.850,-60.978,0.984942,-0.051845,0.164930,0.000000,0.953978,0.299878,-0.172886,-0.295362,0.939612),hrpCFrame=CFrame.new(-21.746,155.040,-84.870,0.997085,-0.000000,0.076298,0.000000,1.000000,0.000000,-0.076298,-0.000000,0.997085),FOV=70.00,Time=1.6250,WalkSpeed=46.00},
{Pos=Vector3.new(-21.867,155.040,-86.014),Vel=Vector3.new(-4.777,0.001,-45.751),Move=Vector3.new(-0.104,0,-0.995),CFrame=CFrame.new(-17.753,163.850,-62.121,0.984942,-0.051845,0.164930,0.000000,0.953978,0.299878,-0.172886,-0.295362,0.939612),hrpCFrame=CFrame.new(-21.867,155.040,-86.014,0.996573,-0.000000,0.082721,0.000000,1.000000,0.000000,-0.082721,-0.000000,0.996573),FOV=70.00,Time=1.6517,WalkSpeed=46.00},
{Pos=Vector3.new(-21.994,155.040,-87.349),Vel=Vector3.new(-4.347,0.001,-45.794),Move=Vector3.new(-0.094,0,-0.996),CFrame=CFrame.new(-17.873,163.850,-63.265,0.984942,-0.051845,0.164930,0.000000,0.953978,0.299878,-0.172886,-0.295362,0.939612),hrpCFrame=CFrame.new(-21.994,155.040,-87.349,0.996276,-0.000000,0.086221,0.000000,1.000000,0.000000,-0.086221,-0.000000,0.996276),FOV=70.00,Time=1.6792,WalkSpeed=46.00},
{Pos=Vector3.new(-22.084,155.040,-88.496),Vel=Vector3.new(-3.508,0.001,-45.866),Move=Vector3.new(-0.076,0,-0.997),CFrame=CFrame.new(-18.001,163.850,-64.600,0.984942,-0.051845,0.164930,0.000000,0.953978,0.299878,-0.172886,-0.295362,0.939612),hrpCFrame=CFrame.new(-22.084,155.040,-88.496,0.996363,-0.000000,0.085213,0.000000,1.000000,0.000000,-0.085213,-0.000000,0.996363),FOV=70.00,Time=1.7087,WalkSpeed=46.00},
{Pos=Vector3.new(-22.147,155.040,-89.644),Vel=Vector3.new(-2.428,0.001,-45.936),Move=Vector3.new(-0.053,0,-0.999),CFrame=CFrame.new(-18.091,163.850,-65.747,0.984942,-0.051845,0.164930,0.000000,0.953978,0.299878,-0.172886,-0.295362,0.939612),hrpCFrame=CFrame.new(-22.147,155.040,-89.644,0.996814,-0.000000,0.079767,0.000000,1.000000,0.000000,-0.079767,-0.000000,0.996814),FOV=70.00,Time=1.7312,WalkSpeed=46.00},
{Pos=Vector3.new(-22.198,155.040,-90.793),Vel=Vector3.new(-1.992,0.001,-45.957),Move=Vector3.new(-0.043,0,-0.999),CFrame=CFrame.new(-18.154,163.850,-66.895,0.984942,-0.051845,0.164930,0.000000,0.953978,0.299878,-0.172886,-0.295362,0.939612),hrpCFrame=CFrame.new(-22.198,155.040,-90.793,0.997354,0.000000,0.072697,-0.000000,1.000000,-0.000000,-0.072697,0.000000,0.997354),FOV=70.00,Time=1.7551,WalkSpeed=46.00},
{Pos=Vector3.new(-22.227,155.040,-92.134),Vel=Vector3.new(-0.877,0.001,-45.992),Move=Vector3.new(-0.019,0,-1.000),CFrame=CFrame.new(-18.205,163.850,-68.044,0.984942,-0.051845,0.164930,0.000000,0.953978,0.299878,-0.172886,-0.295362,0.939612),hrpCFrame=CFrame.new(-22.227,155.040,-92.134,0.998139,0.000000,0.060985,-0.000000,1.000000,-0.000000,-0.060985,0.000000,0.998139),FOV=70.00,Time=1.7815,WalkSpeed=46.00},
{Pos=Vector3.new(-22.166,155.040,-93.282),Vel=Vector3.new(2.797,0.001,-45.914),Move=Vector3.new(0.061,0,-0.998),CFrame=CFrame.new(-18.234,163.850,-69.385,0.984942,-0.051845,0.164930,0.000000,0.953978,0.299878,-0.172886,-0.295362,0.939612),hrpCFrame=CFrame.new(-22.166,155.040,-93.282,0.999212,0.000000,0.039687,-0.000000,1.000000,-0.000000,-0.039687,0.000000,0.999212),FOV=70.00,Time=1.8075,WalkSpeed=46.00},
{Pos=Vector3.new(-22.039,155.040,-94.425),Vel=Vector3.new(5.332,0.001,-45.690),Move=Vector3.new(0.116,0,-0.993),CFrame=CFrame.new(-18.173,163.850,-70.533,0.984942,-0.051845,0.164930,0.000000,0.953978,0.299878,-0.172886,-0.295362,0.939612),hrpCFrame=CFrame.new(-22.039,155.040,-94.425,0.999949,0.000000,0.010149,-0.000000,1.000000,0.000000,-0.010149,-0.000000,0.999949),FOV=70.00,Time=1.8325,WalkSpeed=46.00},
{Pos=Vector3.new(-21.862,155.040,-95.561),Vel=Vector3.new(7.268,0.001,-45.422),Move=Vector3.new(0.158,0,-0.987),CFrame=CFrame.new(-18.045,163.850,-71.676,0.984942,-0.051845,0.164930,0.000000,0.953978,0.299878,-0.172886,-0.295362,0.939612),hrpCFrame=CFrame.new(-21.862,155.040,-95.561,0.999736,0.000000,-0.022974,0.000000,1.000000,0.000000,0.022974,-0.000000,0.999736),FOV=70.00,Time=1.8595,WalkSpeed=46.00},
{Pos=Vector3.new(-21.631,155.040,-96.688),Vel=Vector3.new(9.437,0.001,-45.021),Move=Vector3.new(0.205,0,-0.979),CFrame=CFrame.new(-17.868,163.850,-72.812,0.984942,-0.051845,0.164930,0.000000,0.953978,0.299878,-0.172886,-0.295362,0.939612),hrpCFrame=CFrame.new(-21.631,155.040,-96.688,0.998259,-0.000000,-0.058987,0.000000,1.000000,0.000000,0.058987,-0.000000,0.998259),FOV=70.00,Time=1.8825,WalkSpeed=46.00},
{Pos=Vector3.new(-21.371,155.040,-97.808),Vel=Vector3.new(10.505,0.001,-44.784),Move=Vector3.new(0.228,0,-0.974),CFrame=CFrame.new(-17.638,163.850,-73.939,0.984942,-0.051845,0.164930,0.000000,0.953978,0.299878,-0.172886,-0.295362,0.939612),hrpCFrame=CFrame.new(-21.371,155.040,-97.808,0.995602,0.000000,-0.093679,0.000000,1.000000,0.000000,0.093679,-0.000000,0.995602),FOV=70.00,Time=1.9087,WalkSpeed=46.00},
{Pos=Vector3.new(-21.093,155.040,-98.924),Vel=Vector3.new(11.202,0.001,-44.615),Move=Vector3.new(0.244,0,-0.970),CFrame=CFrame.new(-17.378,163.850,-75.059,0.984942,-0.051845,0.164930,0.000000,0.953978,0.299878,-0.172886,-0.295362,0.939612),hrpCFrame=CFrame.new(-21.093,155.040,-98.924,0.992182,0.000000,-0.124799,0.000000,1.000000,0.000000,0.124799,-0.000000,0.992182),FOV=70.00,Time=1.9323,WalkSpeed=46.00},
{Pos=Vector3.new(-20.801,155.040,-100.036),Vel=Vector3.new(11.716,0.001,-44.483),Move=Vector3.new(0.255,0,-0.967),CFrame=CFrame.new(-17.099,163.850,-76.175,0.984942,-0.051845,0.164930,0.000000,0.953978,0.299878,-0.172886,-0.295362,0.939612),hrpCFrame=CFrame.new(-20.801,155.040,-100.036,0.988391,0.000000,-0.151930,0.000000,1.000000,0.000000,0.151930,-0.000000,0.988391),FOV=70.00,Time=1.9577,WalkSpeed=46.00},
{Pos=Vector3.new(-20.494,155.040,-101.144),Vel=Vector3.new(12.345,0.001,-44.312),Move=Vector3.new(0.268,0,-0.963),CFrame=CFrame.new(-16.808,163.850,-77.287,0.984942,-0.051845,0.164930,0.000000,0.953978,0.299878,-0.172886,-0.295362,0.939612),hrpCFrame=CFrame.new(-20.494,155.040,-101.144,0.984380,0.000000,-0.176059,-0.000000,1.000000,0.000000,0.176059,-0.000000,0.984380),FOV=70.00,Time=1.9822,WalkSpeed=46.00},
{Pos=Vector3.new(-20.176,155.040,-102.250),Vel=Vector3.new(12.754,0.001,-44.197),Move=Vector3.new(0.277,0,-0.961),CFrame=CFrame.new(-16.501,163.850,-78.395,0.984942,-0.051845,0.164930,0.000000,0.953978,0.299878,-0.172886,-0.295362,0.939612),hrpCFrame=CFrame.new(-20.176,155.040,-102.250,0.980369,0.000000,-0.197173,-0.000000,1.000000,0.000000,0.197173,-0.000000,0.980369),FOV=70.00,Time=2.0084,WalkSpeed=46.00},
{Pos=Vector3.new(-19.857,155.040,-103.354),Vel=Vector3.new(12.768,0.001,-44.193),Move=Vector3.new(0.278,0,-0.961),CFrame=CFrame.new(-16.183,163.850,-79.500,0.984942,-0.051845,0.164930,0.000000,0.953978,0.299878,-0.172886,-0.295362,0.939612),hrpCFrame=CFrame.new(-19.857,155.040,-103.354,0.976763,0.000000,-0.214322,-0.000000,1.000000,0.000000,0.214322,-0.000000,0.976763),FOV=70.00,Time=2.0313,WalkSpeed=46.00},
{Pos=Vector3.new(-19.542,155.040,-104.460),Vel=Vector3.new(12.582,0.001,-44.246),Move=Vector3.new(0.274,0,-0.962),CFrame=CFrame.new(-15.864,163.850,-80.605,0.984942,-0.051845,0.164930,0.000000,0.953978,0.299878,-0.172886,-0.295362,0.939612),hrpCFrame=CFrame.new(-19.542,155.040,-104.460,0.973846,0.000000,-0.227209,-0.000000,1.000000,0.000000,0.227209,-0.000000,0.973846),FOV=70.00,Time=2.0564,WalkSpeed=46.00},
{Pos=Vector3.new(-19.302,155.040,-105.388),Vel=Vector3.new(11.397,0.001,-44.566),Move=Vector3.new(0.248,0,-0.969),CFrame=CFrame.new(-15.549,163.850,-81.711,0.984942,-0.051845,0.164930,0.000000,0.953978,0.299878,-0.172886,-0.295362,0.939612),hrpCFrame=CFrame.new(-19.302,155.040,-105.388,0.972635,0.000000,-0.232339,-0.000000,1.000000,0.000000,0.232339,-0.000000,0.972635),FOV=70.00,Time=2.0805,WalkSpeed=46.00},
{Pos=Vector3.new(-19.048,155.040,-106.510),Vel=Vector3.new(10.025,0.001,-44.894),Move=Vector3.new(0.218,0,-0.976),CFrame=CFrame.new(-15.308,163.850,-82.639,0.984942,-0.051845,0.164930,0.000000,0.953978,0.299878,-0.172886,-0.295362,0.939612),hrpCFrame=CFrame.new(-19.048,155.040,-106.510,0.972923,0.000000,-0.231128,-0.000000,1.000000,0.000000,0.231128,-0.000000,0.972923),FOV=70.00,Time=2.1052,WalkSpeed=46.00},
{Pos=Vector3.new(-18.830,155.040,-107.639),Vel=Vector3.new(8.563,0.001,-45.196),Move=Vector3.new(0.186,0,-0.983),CFrame=CFrame.new(-15.054,163.850,-83.760,0.984942,-0.051845,0.164930,0.000000,0.953978,0.299878,-0.172886,-0.295362,0.939612),hrpCFrame=CFrame.new(-18.830,155.040,-107.639,0.974684,0.000000,-0.223585,-0.000000,1.000000,0.000000,0.223585,-0.000000,0.974684),FOV=70.00,Time=2.1306,WalkSpeed=46.00},
{Pos=Vector3.new(-18.633,155.040,-108.966),Vel=Vector3.new(6.589,0.001,-45.526),Move=Vector3.new(0.143,0,-0.990),CFrame=CFrame.new(-14.837,163.850,-84.890,0.984942,-0.051845,0.164930,0.000000,0.953978,0.299878,-0.172886,-0.295362,0.939612),hrpCFrame=CFrame.new(-18.633,155.040,-108.966,0.978425,-0.000000,-0.206602,0.000000,1.000000,-0.000000,0.206602,0.000000,0.978425),FOV=70.00,Time=2.1587,WalkSpeed=46.00},
{Pos=Vector3.new(-18.526,155.040,-109.918),Vel=Vector3.new(4.925,0.001,-45.735),Move=Vector3.new(0.107,0,-0.994),CFrame=CFrame.new(-14.640,163.850,-86.217,0.984942,-0.051845,0.164930,0.000000,0.953978,0.299878,-0.172886,-0.295362,0.939612),hrpCFrame=CFrame.new(-18.526,155.040,-109.918,0.981599,-0.000000,-0.190955,0.000000,1.000000,-0.000000,0.190955,0.000000,0.981599),FOV=70.00,Time=2.1802,WalkSpeed=46.00},
{Pos=Vector3.new(-18.414,155.040,-111.063),Vel=Vector3.new(4.465,0.001,-45.783),Move=Vector3.new(0.097,0,-0.995),CFrame=CFrame.new(-14.533,163.850,-87.169,0.984942,-0.051845,0.164930,0.000000,0.953978,0.299878,-0.172886,-0.295362,0.939612),hrpCFrame=CFrame.new(-18.414,155.040,-111.063,0.985083,-0.000000,-0.172080,0.000000,1.000000,-0.000000,0.172080,0.000000,0.985083),FOV=70.00,Time=2.2029,WalkSpeed=46.00},
{Pos=Vector3.new(-18.313,155.040,-112.208),Vel=Vector3.new(3.965,0.001,-45.829),Move=Vector3.new(0.086,0,-0.996),CFrame=CFrame.new(-14.421,163.850,-88.313,0.984942,-0.051845,0.164930,0.000000,0.953978,0.299878,-0.172886,-0.295362,0.939612),hrpCFrame=CFrame.new(-18.313,155.040,-112.208,0.987975,-0.000000,-0.154614,0.000000,1.000000,-0.000000,0.154614,0.000000,0.987975),FOV=70.00,Time=2.2286,WalkSpeed=46.00},
{Pos=Vector3.new(-18.210,155.040,-113.354),Vel=Vector3.new(4.159,0.001,-45.812),Move=Vector3.new(0.090,0,-0.996),CFrame=CFrame.new(-14.320,163.850,-89.459,0.984942,-0.051845,0.164930,0.000000,0.953978,0.299878,-0.172886,-0.295362,0.939612),hrpCFrame=CFrame.new(-18.210,155.040,-113.354,0.990033,0.000000,-0.140837,0.000000,1.000000,0.000000,0.140837,-0.000000,0.990033),FOV=70.00,Time=2.2541,WalkSpeed=46.00},
{Pos=Vector3.new(-18.097,155.040,-114.498),Vel=Vector3.new(4.549,0.001,-45.775),Move=Vector3.new(0.099,0,-0.995),CFrame=CFrame.new(-14.217,163.850,-90.604,0.984942,-0.051845,0.164930,0.000000,0.953978,0.299878,-0.172886,-0.295362,0.939612),hrpCFrame=CFrame.new(-18.097,155.040,-114.498,0.991324,0.000000,-0.131440,-0.000000,1.000000,0.000000,0.131440,-0.000000,0.991324),FOV=70.00,Time=2.2792,WalkSpeed=46.00},
{Pos=Vector3.new(-17.972,155.040,-115.641),Vel=Vector3.new(5.050,0.001,-45.722),Move=Vector3.new(0.110,0,-0.994),CFrame=CFrame.new(-12.429,163.850,-92.043,0.984942,-0.051845,0.164930,0.000000,0.953978,0.299878,-0.172886,-0.295362,0.939612),hrpCFrame=CFrame.new(-17.972,155.040,-115.641,0.984606,-0.000000,0.174791,0.000000,1.000000,-0.000000,-0.174791,0.000000,0.984606),FOV=70.00,Time=2.3040,WalkSpeed=46.00},
{Pos=Vector3.new(-17.811,155.040,-116.973),Vel=Vector3.new(5.558,0.001,-45.663),Move=Vector3.new(0.121,0,-0.993),CFrame=CFrame.new(-12.304,163.850,-93.186,0.984942,-0.051845,0.164930,0.000000,0.953978,0.299878,-0.172886,-0.295362,0.939612),hrpCFrame=CFrame.new(-17.811,155.040,-116.973,0.984928,-0.000000,0.172965,0.000000,1.000000,-0.000000,-0.172965,0.000000,0.984928),FOV=70.00,Time=2.3319,WalkSpeed=46.00},
{Pos=Vector3.new(-17.690,155.040,-117.924),Vel=Vector3.new(5.872,0.001,-45.624),Move=Vector3.new(0.128,0,-0.992),CFrame=CFrame.new(-12.144,163.850,-94.518,0.984942,-0.051845,0.164930,0.000000,0.953978,0.299878,-0.172886,-0.295362,0.939612),hrpCFrame=CFrame.new(-17.690,155.040,-117.924,0.984941,-0.000000,0.172891,0.000000,1.000000,-0.000000,-0.172891,0.000000,0.984941),FOV=70.00,Time=2.3538,WalkSpeed=46.00},
{Pos=Vector3.new(-17.537,155.040,-119.064),Vel=Vector3.new(6.131,0.001,-45.590),Move=Vector3.new(0.133,0,-0.991),CFrame=CFrame.new(-12.022,163.850,-95.469,0.984942,-0.051845,0.164930,0.000000,0.953978,0.299878,-0.172886,-0.295362,0.939612),hrpCFrame=CFrame.new(-17.537,155.040,-119.064,0.984941,-0.000000,0.172890,0.000000,1.000000,-0.000000,-0.172890,0.000000,0.984941),FOV=70.00,Time=2.3794,WalkSpeed=46.00},
{Pos=Vector3.new(-17.409,155.040,-120.013),Vel=Vector3.new(6.132,0.001,-45.589),Move=Vector3.new(0.133,0,-0.991),CFrame=CFrame.new(-11.869,163.850,-96.608,0.984942,-0.051845,0.164930,0.000000,0.953978,0.299878,-0.172886,-0.295362,0.939612),hrpCFrame=CFrame.new(-17.409,155.040,-120.013,0.984941,-0.000000,0.172890,0.000000,1.000000,-0.000000,-0.172890,0.000000,0.984941),FOV=70.00,Time=2.4010,WalkSpeed=46.00},
{Pos=Vector3.new(-17.257,155.040,-121.153),Vel=Vector3.new(6.070,0.001,-45.598),Move=Vector3.new(0.132,0,-0.991),CFrame=CFrame.new(-11.742,163.850,-97.558,0.984942,-0.051845,0.164930,0.000000,0.953978,0.299878,-0.172886,-0.295362,0.939612),hrpCFrame=CFrame.new(-17.257,155.040,-121.153,0.984941,-0.000000,0.172890,0.000000,1.000000,-0.000000,-0.172890,0.000000,0.984941),FOV=70.00,Time=2.4272,WalkSpeed=46.00},
{Pos=Vector3.new(-17.094,155.040,-122.485),Vel=Vector3.new(5.559,0.001,-45.663),Move=Vector3.new(0.121,0,-0.993),CFrame=CFrame.new(-11.590,163.850,-98.698,0.984942,-0.051845,0.164930,0.000000,0.953978,0.299878,-0.172886,-0.295362,0.939612),hrpCFrame=CFrame.new(-17.094,155.040,-122.485,0.984941,-0.000000,0.172891,0.000000,1.000000,-0.000000,-0.172891,0.000000,0.984941),FOV=70.00,Time=2.4535,WalkSpeed=46.00},
{Pos=Vector3.new(-16.988,155.040,-123.437),Vel=Vector3.new(4.999,0.001,-45.728),Move=Vector3.new(0.109,0,-0.994),CFrame=CFrame.new(-11.426,163.850,-100.030,0.984942,-0.051845,0.164930,0.000000,0.953978,0.299878,-0.172886,-0.295362,0.939612),hrpCFrame=CFrame.new(-16.988,155.040,-123.437,0.984941,-0.000000,0.172891,0.000000,1.000000,-0.000000,-0.172891,0.000000,0.984941),FOV=70.00,Time=2.4751,WalkSpeed=46.00},
{Pos=Vector3.new(-16.876,155.040,-124.582),Vel=Vector3.new(4.444,0.001,-45.785),Move=Vector3.new(0.097,0,-0.995),CFrame=CFrame.new(-11.321,163.850,-100.982,0.984942,-0.051845,0.164930,0.000000,0.953978,0.299878,-0.172886,-0.295362,0.939612),hrpCFrame=CFrame.new(-16.876,155.040,-124.582,0.984941,-0.000000,0.172891,0.000000,1.000000,-0.000000,-0.172891,0.000000,0.984941),FOV=70.00,Time=2.5040,WalkSpeed=46.00},
{Pos=Vector3.new(-16.766,155.040,-125.919),Vel=Vector3.new(3.709,0.001,-45.850),Move=Vector3.new(0.081,0,-0.997),CFrame=CFrame.new(-11.208,163.850,-102.127,0.984942,-0.051845,0.164930,0.000000,0.953978,0.299878,-0.172886,-0.295362,0.939612),hrpCFrame=CFrame.new(-16.766,155.040,-125.919,0.984941,-0.000000,0.172892,0.000000,1.000000,-0.000000,-0.172892,0.000000,0.984941),FOV=70.00,Time=2.5389,WalkSpeed=46.00},
