local RunService = game:GetService("RunService")
local Players = game:GetService("Players")
local lp = Players.LocalPlayer
local cam = workspace.CurrentCamera
local char = lp.Character or lp.CharacterAdded:Wait()
local hrp = char:WaitForChild("HumanoidRootPart")
local hum = char:WaitForChild("Humanoid")
hum.AutoRotate = false
cam.CameraType = Enum.CameraType.Scriptable
local frames = {
{Pos=Vector3.new(-69.637,51.700,-885.972),Vel=Vector3.new(0.000,0.000,0.000),Move=Vector3.new(0.000,0,0.000),CFrame=CFrame.new(-70.842,58.666,-906.724,-0.998316,0.015001,-0.056029,0.000000,0.965976,0.258632,0.058003,0.258196,-0.964350),FOV=70.00,Time=0.0000},
{Pos=Vector3.new(-69.637,51.700,-885.972),Vel=Vector3.new(0.000,0.000,0.000),Move=Vector3.new(0.000,0,0.000),CFrame=CFrame.new(-70.842,58.666,-906.724,-0.998316,0.015001,-0.056029,0.000000,0.965976,0.258632,0.058003,0.258196,-0.964350),FOV=70.00,Time=0.0303},
{Pos=Vector3.new(-69.637,51.700,-885.972),Vel=Vector3.new(-0.000,0.000,-0.000),Move=Vector3.new(0.000,0,0.000),CFrame=CFrame.new(-70.842,58.666,-906.724,-0.998316,0.015001,-0.056029,0.000000,0.965976,0.258632,0.058003,0.258196,-0.964350),FOV=70.00,Time=0.0612},
{Pos=Vector3.new(-69.637,51.700,-885.972),Vel=Vector3.new(-0.000,0.000,-0.000),Move=Vector3.new(0.000,0,0.000),CFrame=CFrame.new(-70.842,58.666,-906.724,-0.998316,0.015001,-0.056029,0.000000,0.965976,0.258632,0.058003,0.258196,-0.964350),FOV=70.00,Time=0.0927},
{Pos=Vector3.new(-69.637,51.700,-885.972),Vel=Vector3.new(-0.000,0.000,-0.000),Move=Vector3.new(0.000,0,0.000),CFrame=CFrame.new(-70.842,58.666,-906.724,-0.998316,0.015001,-0.056029,0.000000,0.965976,0.258632,0.058003,0.258196,-0.964350),FOV=70.00,Time=0.1234},
{Pos=Vector3.new(-69.637,51.700,-885.972),Vel=Vector3.new(-0.000,0.000,-0.000),Move=Vector3.new(0.000,0,0.000),CFrame=CFrame.new(-70.842,58.666,-906.724,-0.998316,0.015001,-0.056029,0.000000,0.965976,0.258632,0.058003,0.258196,-0.964350),FOV=70.00,Time=0.1535},
{Pos=Vector3.new(-69.637,51.700,-885.972),Vel=Vector3.new(0.000,0.000,0.000),Move=Vector3.new(0.000,0,0.000),CFrame=CFrame.new(-70.842,58.666,-906.724,-0.998316,0.015001,-0.056029,0.000000,0.965976,0.258632,0.058003,0.258196,-0.964350),FOV=70.00,Time=0.1847},
{Pos=Vector3.new(-69.637,51.700,-885.972),Vel=Vector3.new(0.000,0.000,0.000),Move=Vector3.new(0.000,0,0.000),CFrame=CFrame.new(-70.842,58.666,-906.724,-0.998316,0.015001,-0.056029,0.000000,0.965976,0.258632,0.058003,0.258196,-0.964350),FOV=70.00,Time=0.2158},
{Pos=Vector3.new(-69.637,51.700,-885.972),Vel=Vector3.new(0.000,0.000,0.000),Move=Vector3.new(0.000,0,0.000),CFrame=CFrame.new(-70.842,58.666,-906.724,-0.998316,0.015001,-0.056029,0.000000,0.965976,0.258632,0.058003,0.258196,-0.964350),FOV=70.00,Time=0.2464},
{Pos=Vector3.new(-69.637,51.700,-885.972),Vel=Vector3.new(-0.000,0.000,-0.000),Move=Vector3.new(0.000,0,0.000),CFrame=CFrame.new(-70.842,58.666,-906.724,-0.998316,0.015001,-0.056029,0.000000,0.965976,0.258632,0.058003,0.258196,-0.964350),FOV=70.00,Time=0.2780},
{Pos=Vector3.new(-69.637,51.700,-885.972),Vel=Vector3.new(-0.000,0.000,-0.000),Move=Vector3.new(0.000,0,0.000),CFrame=CFrame.new(-70.842,58.666,-906.724,-0.998316,0.015001,-0.056029,0.000000,0.965976,0.258632,0.058003,0.258196,-0.964350),FOV=70.00,Time=0.3082},
{Pos=Vector3.new(-69.637,51.700,-885.972),Vel=Vector3.new(-0.000,0.000,-0.000),Move=Vector3.new(0.000,0,0.000),CFrame=CFrame.new(-70.842,58.666,-906.724,-0.998316,0.015001,-0.056029,0.000000,0.965976,0.258632,0.058003,0.258196,-0.964350),FOV=70.00,Time=0.3400},
{Pos=Vector3.new(-69.637,51.700,-885.972),Vel=Vector3.new(-0.000,0.000,-0.000),Move=Vector3.new(0.000,0,0.000),CFrame=CFrame.new(-70.842,58.666,-906.724,-0.998316,0.015001,-0.056029,0.000000,0.965976,0.258632,0.058003,0.258196,-0.964350),FOV=70.00,Time=0.3708},
{Pos=Vector3.new(-69.637,51.700,-885.972),Vel=Vector3.new(0.000,0.000,0.000),Move=Vector3.new(0.000,0,0.000),CFrame=CFrame.new(-70.842,58.666,-906.724,-0.998316,0.015001,-0.056029,0.000000,0.965976,0.258632,0.058003,0.258196,-0.964350),FOV=70.00,Time=0.4017},
{Pos=Vector3.new(-69.637,51.700,-885.972),Vel=Vector3.new(0.000,0.000,0.000),Move=Vector3.new(0.000,0,0.000),CFrame=CFrame.new(-70.842,58.666,-906.724,-0.998316,0.015001,-0.056029,0.000000,0.965976,0.258632,0.058003,0.258196,-0.964350),FOV=70.00,Time=0.4285},
{Pos=Vector3.new(-69.637,51.700,-885.972),Vel=Vector3.new(0.000,0.000,0.000),Move=Vector3.new(0.000,0,0.000),CFrame=CFrame.new(-70.842,58.666,-906.724,-0.998316,0.015001,-0.056029,0.000000,0.965976,0.258632,0.058003,0.258196,-0.964350),FOV=70.00,Time=0.4624},
{Pos=Vector3.new(-69.637,51.700,-885.972),Vel=Vector3.new(0.000,0.000,0.000),Move=Vector3.new(0.000,0,0.000),CFrame=CFrame.new(-70.842,58.666,-906.724,-0.998316,0.015001,-0.056029,0.000000,0.965976,0.258632,0.058003,0.258196,-0.964350),FOV=70.00,Time=0.4908},
{Pos=Vector3.new(-69.637,51.700,-885.972),Vel=Vector3.new(-0.000,0.000,-0.000),Move=Vector3.new(0.000,0,0.000),CFrame=CFrame.new(-70.842,58.666,-906.724,-0.998316,0.015001,-0.056029,0.000000,0.965976,0.258632,0.058003,0.258196,-0.964350),FOV=70.00,Time=0.5219},
{Pos=Vector3.new(-69.637,51.700,-885.972),Vel=Vector3.new(-0.000,0.000,-0.000),Move=Vector3.new(0.000,0,0.000),CFrame=CFrame.new(-70.842,58.666,-906.724,-0.998316,0.015001,-0.056029,0.000000,0.965976,0.258632,0.058003,0.258196,-0.964350),FOV=70.00,Time=0.5510},
{Pos=Vector3.new(-69.637,51.700,-885.972),Vel=Vector3.new(-0.000,0.000,-0.000),Move=Vector3.new(0.000,0,0.000),CFrame=CFrame.new(-70.842,58.666,-906.724,-0.998316,0.015001,-0.056029,0.000000,0.965976,0.258632,0.058003,0.258196,-0.964350),FOV=70.00,Time=0.5841},
{Pos=Vector3.new(-69.637,51.700,-885.972),Vel=Vector3.new(0.000,0.000,0.000),Move=Vector3.new(0.000,0,0.000),CFrame=CFrame.new(-70.842,58.666,-906.724,-0.998316,0.015001,-0.056029,0.000000,0.965976,0.258632,0.058003,0.258196,-0.964350),FOV=70.00,Time=0.6137},
{Pos=Vector3.new(-69.637,51.700,-885.972),Vel=Vector3.new(0.000,0.000,0.000),Move=Vector3.new(0.000,0,0.000),CFrame=CFrame.new(-70.842,58.666,-906.724,-0.998316,0.015001,-0.056029,0.000000,0.965976,0.258632,0.058003,0.258196,-0.964350),FOV=70.00,Time=0.6431},
{Pos=Vector3.new(-69.637,51.700,-885.972),Vel=Vector3.new(0.000,0.000,0.000),Move=Vector3.new(0.000,0,0.000),CFrame=CFrame.new(-70.842,58.666,-906.724,-0.998316,0.015001,-0.056029,0.000000,0.965976,0.258632,0.058003,0.258196,-0.964350),FOV=70.00,Time=0.6742},
{Pos=Vector3.new(-69.637,51.700,-885.972),Vel=Vector3.new(0.000,0.000,0.000),Move=Vector3.new(0.000,0,0.000),CFrame=CFrame.new(-70.842,58.666,-906.724,-0.998316,0.015001,-0.056029,0.000000,0.965976,0.258632,0.058003,0.258196,-0.964350),FOV=70.00,Time=0.7052},
{Pos=Vector3.new(-69.637,51.700,-885.972),Vel=Vector3.new(-0.000,0.000,-0.000),Move=Vector3.new(0.000,0,0.000),CFrame=CFrame.new(-70.842,58.666,-906.724,-0.998316,0.015001,-0.056029,0.000000,0.965976,0.258632,0.058003,0.258196,-0.964350),FOV=70.00,Time=0.7362},
{Pos=Vector3.new(-69.637,51.700,-885.972),Vel=Vector3.new(-0.000,0.000,-0.000),Move=Vector3.new(0.000,0,0.000),CFrame=CFrame.new(-70.842,58.666,-906.724,-0.998316,0.015001,-0.056029,0.000000,0.965976,0.258632,0.058003,0.258196,-0.964350),FOV=70.00,Time=0.7665},
{Pos=Vector3.new(-69.637,51.700,-885.972),Vel=Vector3.new(-0.000,0.000,-0.000),Move=Vector3.new(0.000,0,0.000),CFrame=CFrame.new(-70.842,58.666,-906.724,-0.998316,0.015001,-0.056029,0.000000,0.965976,0.258632,0.058003,0.258196,-0.964350),FOV=70.00,Time=0.7958},
{Pos=Vector3.new(-69.661,51.700,-885.720),Vel=Vector3.new(-1.466,0.000,15.069),Move=Vector3.new(-0.097,0,0.995),CFrame=CFrame.new(-70.842,58.666,-906.724,-0.998316,0.015001,-0.056029,0.000000,0.965976,0.258632,0.058003,0.258196,-0.964350),FOV=70.00,Time=0.8285},
{Pos=Vector3.new(-69.682,51.700,-884.895),Vel=Vector3.new(0.033,0.000,32.307),Move=Vector3.new(0.018,0,1.000),CFrame=CFrame.new(-70.867,58.666,-906.473,-0.998316,0.015001,-0.056029,0.000000,0.965976,0.258632,0.058003,0.258196,-0.964350),FOV=70.00,Time=0.8611},
{Pos=Vector3.new(-69.584,51.700,-883.786),Vel=Vector3.new(4.334,0.000,39.726),Move=Vector3.new(0.109,0,0.994),CFrame=CFrame.new(-70.887,58.666,-905.648,-0.998316,0.015001,-0.056029,0.000000,0.965976,0.258632,0.058003,0.258196,-0.964350),FOV=70.00,Time=0.8903},
{Pos=Vector3.new(-69.448,51.700,-882.627),Vel=Vector3.new(4.717,0.000,39.721),Move=Vector3.new(0.118,0,0.993),CFrame=CFrame.new(-70.790,58.666,-904.539,-0.998316,0.015001,-0.056029,0.000000,0.965976,0.258632,0.058003,0.258196,-0.964350),FOV=70.00,Time=0.9177},
{Pos=Vector3.new(-69.274,51.700,-881.305),Vel=Vector3.new(5.239,0.000,39.655),Move=Vector3.new(0.131,0,0.991),CFrame=CFrame.new(-70.653,58.666,-903.380,-0.998316,0.015001,-0.056029,0.000000,0.965976,0.258632,0.058003,0.258196,-0.964350),FOV=70.00,Time=0.9517},
{Pos=Vector3.new(-69.118,51.700,-880.149),Vel=Vector3.new(5.376,0.000,39.637),Move=Vector3.new(0.134,0,0.991),CFrame=CFrame.new(-70.480,58.666,-902.058,-0.998316,0.015001,-0.056029,0.000000,0.965976,0.258632,0.058003,0.258196,-0.964350),FOV=70.00,Time=0.9778},
{Pos=Vector3.new(-68.947,51.700,-878.995),Vel=Vector3.new(5.888,0.000,39.564),Move=Vector3.new(0.147,0,0.989),CFrame=CFrame.new(-70.324,58.666,-900.902,-0.998316,0.015001,-0.056029,0.000000,0.965976,0.258632,0.058003,0.258196,-0.964350),FOV=70.00,Time=1.0105},
{Pos=Vector3.new(-68.768,51.700,-877.842),Vel=Vector3.new(6.181,0.000,39.519),Move=Vector3.new(0.155,0,0.988),CFrame=CFrame.new(-70.153,58.666,-899.748,-0.998316,0.015001,-0.056029,0.000000,0.965976,0.258632,0.058003,0.258196,-0.964350),FOV=70.00,Time=1.0369},
{Pos=Vector3.new(-68.588,51.700,-876.690),Vel=Vector3.new(6.162,0.000,39.522),Move=Vector3.new(0.154,0,0.988),CFrame=CFrame.new(-69.974,58.666,-898.595,-0.998316,0.015001,-0.056029,0.000000,0.965976,0.258632,0.058003,0.258196,-0.964350),FOV=70.00,Time=1.0677},
{Pos=Vector3.new(-68.408,51.700,-875.537),Vel=Vector3.new(6.182,0.000,39.519),Move=Vector3.new(0.155,0,0.988),CFrame=CFrame.new(-69.794,58.666,-897.442,-0.998316,0.015001,-0.056029,0.000000,0.965976,0.258632,0.058003,0.258196,-0.964350),FOV=70.00,Time=1.0974},
{Pos=Vector3.new(-68.227,51.700,-874.384),Vel=Vector3.new(6.201,0.000,39.516),Move=Vector3.new(0.155,0,0.988),CFrame=CFrame.new(-69.614,58.666,-896.290,-0.998316,0.015001,-0.056029,0.000000,0.965976,0.258632,0.058003,0.258196,-0.964350),FOV=70.00,Time=1.1278},
{Pos=Vector3.new(-68.012,51.700,-873.068),Vel=Vector3.new(6.466,0.000,39.474),Move=Vector3.new(0.162,0,0.987),CFrame=CFrame.new(-69.433,58.666,-895.137,-0.998316,0.015001,-0.056029,0.000000,0.965976,0.258632,0.058003,0.258196,-0.964350),FOV=70.00,Time=1.1584},
{Pos=Vector3.new(-67.818,51.700,-872.087),Vel=Vector3.new(7.910,0.000,39.210),Move=Vector3.new(0.198,0,0.980),CFrame=CFrame.new(-69.218,58.666,-893.821,-0.998316,0.015001,-0.056029,0.000000,0.965976,0.258632,0.058003,0.258196,-0.964350),FOV=70.00,Time=1.1837},
{Pos=Vector3.new(-67.320,51.700,-870.858),Vel=Vector3.new(17.007,0.000,36.201),Move=Vector3.new(0.426,0,0.905),CFrame=CFrame.new(-68.768,59.686,-892.553,-0.998924,0.014195,-0.044157,0.000000,0.952019,0.306039,0.046383,0.305709,-0.950994),FOV=70.00,Time=1.2166},
{Pos=Vector3.new(-66.663,51.700,-869.899),Vel=Vector3.new(24.112,0.000,31.911),Move=Vector3.new(0.604,0,0.797),CFrame=CFrame.new(-68.253,60.777,-890.940,-0.998924,0.016546,-0.043331,0.000000,0.934210,0.356723,0.046383,0.356339,-0.933205),FOV=70.00,Time=1.2442},
{Pos=Vector3.new(-65.879,51.700,-869.036),Vel=Vector3.new(27.186,0.000,29.341),Move=Vector3.new(0.680,0,0.733),CFrame=CFrame.new(-67.818,61.237,-889.788,-0.998316,0.021932,-0.053696,0.000000,0.925755,0.378123,0.058003,0.377487,-0.924197),FOV=70.00,Time=1.2731},
{Pos=Vector3.new(-65.022,51.700,-868.245),Vel=Vector3.new(29.610,0.000,26.893),Move=Vector3.new(0.740,0,0.672),CFrame=CFrame.new(-67.021,61.798,-888.686,-0.998316,0.023443,-0.053054,0.000000,0.914680,0.404178,0.058003,0.403498,-0.913140),FOV=70.00,Time=1.3052},
{Pos=Vector3.new(-64.137,51.700,-867.485),Vel=Vector3.new(30.392,0.000,26.006),Move=Vector3.new(0.760,0,0.650),CFrame=CFrame.new(-66.158,62.016,-887.798,-0.998316,0.024031,-0.052790,0.000000,0.910135,0.414311,0.058003,0.413614,-0.908603),FOV=70.00,Time=1.3345},
{Pos=Vector3.new(-63.128,51.700,-866.613),Vel=Vector3.new(30.260,0.000,26.160),Move=Vector3.new(0.756,0,0.654),CFrame=CFrame.new(-65.273,62.016,-887.038,-0.998316,0.024031,-0.052790,0.000000,0.910135,0.414311,0.058003,0.413614,-0.908603),FOV=70.00,Time=1.3647},
{Pos=Vector3.new(-62.324,51.700,-865.563),Vel=Vector3.new(21.839,0.000,33.503),Move=Vector3.new(0.545,0,0.838),CFrame=CFrame.new(-64.040,61.865,-886.246,-0.998924,0.018892,-0.042361,0.000000,0.913290,0.407310,0.046383,0.406871,-0.912307),FOV=70.00,Time=1.3997},
{Pos=Vector3.new(-61.935,51.700,-864.650),Vel=Vector3.new(12.452,0.000,37.973),Move=Vector3.new(0.305,0,0.952),CFrame=CFrame.new(-63.238,61.714,-885.263,-0.998924,0.018566,-0.042505,0.000000,0.916391,0.400285,0.046383,0.399854,-0.915405),FOV=70.00,Time=1.4293},
{Pos=Vector3.new(-61.670,51.700,-863.345),Vel=Vector3.new(7.380,0.000,39.313),Move=Vector3.new(0.184,0,0.983),CFrame=CFrame.new(-62.623,61.562,-884.425,-0.999396,0.013668,-0.031958,0.000000,0.919438,0.393235,0.034758,0.392998,-0.918882),FOV=70.00,Time=1.4563},
{Pos=Vector3.new(-61.535,51.700,-862.354),Vel=Vector3.new(5.162,0.000,39.665),Move=Vector3.new(0.129,0,0.992),CFrame=CFrame.new(-62.360,61.410,-883.184,-0.999396,0.013422,-0.032062,0.000000,0.922431,0.386163,0.034758,0.385929,-0.921873),FOV=70.00,Time=1.4813},
{Pos=Vector3.new(-61.392,51.700,-861.197),Vel=Vector3.new(4.888,0.000,39.700),Move=Vector3.new(0.122,0,0.993),CFrame=CFrame.new(-61.993,61.522,-882.153,-0.999733,0.009051,-0.021282,0.000000,0.920243,0.391349,0.023127,0.391244,-0.919996),FOV=70.00,Time=1.5103},
{Pos=Vector3.new(-61.263,51.700,-860.037),Vel=Vector3.new(4.378,0.000,39.760),Move=Vector3.new(0.109,0,0.994),CFrame=CFrame.new(-61.620,61.522,-880.999,-0.999934,0.004498,-0.010576,0.000000,0.920242,0.391349,0.011493,0.391323,-0.920182),FOV=70.00,Time=1.5435},
{Pos=Vector3.new(-61.149,51.700,-858.876),Vel=Vector3.new(3.869,0.000,39.812),Move=Vector3.new(0.097,0,0.995),CFrame=CFrame.new(-61.491,61.522,-879.839,-0.999934,0.004498,-0.010576,0.000000,0.920243,0.391349,0.011493,0.391323,-0.920182),FOV=70.00,Time=1.5709},
{Pos=Vector3.new(-61.031,51.700,-857.715),Vel=Vector3.new(4.046,0.000,39.795),Move=Vector3.new(0.101,0,0.995),CFrame=CFrame.new(-61.376,61.522,-878.678,-0.999934,0.004498,-0.010576,0.000000,0.920242,0.391349,0.011493,0.391323,-0.920182),FOV=70.00,Time=1.5974},
{Pos=Vector3.new(-60.930,51.700,-856.720),Vel=Vector3.new(4.063,0.000,39.793),Move=Vector3.new(0.102,0,0.995),CFrame=CFrame.new(-61.259,61.522,-877.517,-0.999934,0.004498,-0.010576,0.000000,0.920243,0.391349,0.011493,0.391323,-0.920182),FOV=70.00,Time=1.6246},
{Pos=Vector3.new(-60.811,51.700,-855.560),Vel=Vector3.new(4.079,0.000,39.791),Move=Vector3.new(0.102,0,0.995),CFrame=CFrame.new(-61.157,61.522,-876.522,-0.999934,0.004498,-0.010576,0.000000,0.920242,0.391349,0.011493,0.391323,-0.920182),FOV=70.00,Time=1.6534},
{Pos=Vector3.new(-60.692,51.700,-854.399),Vel=Vector3.new(4.063,0.000,39.793),Move=Vector3.new(0.102,0,0.995),CFrame=CFrame.new(-61.038,61.522,-875.362,-0.999934,0.004498,-0.010576,0.000000,0.920243,0.391349,0.011493,0.391323,-0.920182),FOV=70.00,Time=1.6858},
{Pos=Vector3.new(-60.574,51.700,-853.238),Vel=Vector3.new(4.047,0.000,39.795),Move=Vector3.new(0.101,0,0.995),CFrame=CFrame.new(-60.920,61.522,-874.201,-0.999934,0.004498,-0.010576,0.000000,0.920242,0.391349,0.011493,0.391323,-0.920182),FOV=70.00,Time=1.7171},
{Pos=Vector3.new(-60.474,51.700,-852.243),Vel=Vector3.new(4.015,0.000,39.798),Move=Vector3.new(0.100,0,0.995),CFrame=CFrame.new(-60.802,61.522,-873.040,-0.999934,0.004498,-0.010576,0.000000,0.920243,0.391349,0.011493,0.391323,-0.920182),FOV=70.00,Time=1.7411},
{Pos=Vector3.new(-60.348,51.700,-851.083),Vel=Vector3.new(4.332,0.000,39.765),Move=Vector3.new(0.108,0,0.994),CFrame=CFrame.new(-60.701,61.522,-872.045,-0.999934,0.004498,-0.010576,0.000000,0.920242,0.391349,0.011493,0.391323,-0.920182),FOV=70.00,Time=1.7650},
{Pos=Vector3.new(-60.225,51.700,-850.091),Vel=Vector3.new(5.006,0.000,39.685),Move=Vector3.new(0.125,0,0.992),CFrame=CFrame.new(-60.576,61.522,-870.885,-0.999934,0.004498,-0.010576,0.000000,0.920243,0.391349,0.011493,0.391323,-0.920182),FOV=70.00,Time=1.7917},
{Pos=Vector3.new(-60.078,51.700,-849.102),Vel=Vector3.new(5.964,0.000,39.553),Move=Vector3.new(0.149,0,0.989),CFrame=CFrame.new(-60.452,61.522,-869.893,-0.999934,0.004498,-0.010576,0.000000,0.920242,0.391349,0.011493,0.391323,-0.920182),FOV=70.00,Time=1.8165},
{Pos=Vector3.new(-59.896,51.700,-847.949),Vel=Vector3.new(6.254,0.000,39.508),Move=Vector3.new(0.156,0,0.988),CFrame=CFrame.new(-60.305,61.522,-868.904,-0.999934,0.004498,-0.010576,0.000000,0.920243,0.391349,0.011493,0.391323,-0.920182),FOV=70.00,Time=1.8491},
{Pos=Vector3.new(-59.703,51.700,-846.799),Vel=Vector3.new(6.649,0.000,39.444),Move=Vector3.new(0.166,0,0.986),CFrame=CFrame.new(-60.124,61.522,-867.752,-0.999934,0.004498,-0.010576,0.000000,0.920242,0.391349,0.011493,0.391323,-0.920182),FOV=70.00,Time=1.8740},
{Pos=Vector3.new(-59.422,51.700,-845.156),Vel=Vector3.new(6.760,0.000,39.425),Move=Vector3.new(0.169,0,0.986),CFrame=CFrame.new(-59.931,61.522,-866.601,-0.999934,0.004498,-0.010576,0.000000,0.920243,0.391349,0.011493,0.391323,-0.920182),FOV=70.00,Time=1.9160},
{Pos=Vector3.new(-59.336,51.700,-844.664),Vel=Vector3.new(6.863,0.000,39.407),Move=Vector3.new(0.172,0,0.985),CFrame=CFrame.new(-59.649,61.522,-864.958,-0.999934,0.004498,-0.010576,0.000000,0.920242,0.391349,0.011493,0.391323,-0.920182),FOV=70.00,Time=1.9321},
{Pos=Vector3.new(-59.159,51.700,-843.679),Vel=Vector3.new(7.107,0.000,39.364),Move=Vector3.new(0.178,0,0.984),CFrame=CFrame.new(-59.564,61.522,-864.466,-0.999934,0.004498,-0.010576,0.000000,0.920243,0.391349,0.011493,0.391323,-0.920182),FOV=70.00,Time=1.9518},
{Pos=Vector3.new(-58.980,51.700,-842.696),Vel=Vector3.new(7.184,0.000,39.350),Move=Vector3.new(0.180,0,0.984),CFrame=CFrame.new(-59.387,61.522,-863.482,-0.999934,0.004498,-0.010576,0.000000,0.920242,0.391349,0.011493,0.391323,-0.920182),FOV=70.00,Time=1.9799},
{Pos=Vector3.new(-58.771,51.700,-841.548),Vel=Vector3.new(7.158,0.000,39.354),Move=Vector3.new(0.179,0,0.984),CFrame=CFrame.new(-59.207,61.522,-862.498,-0.999934,0.004498,-0.010576,0.000000,0.920243,0.391349,0.011493,0.391323,-0.920182),FOV=70.00,Time=2.0085},
{Pos=Vector3.new(-58.559,51.700,-840.401),Vel=Vector3.new(7.259,0.000,39.336),Move=Vector3.new(0.181,0,0.983),CFrame=CFrame.new(-58.998,61.522,-861.350,-0.999934,0.004498,-0.010576,0.000000,0.920242,0.391349,0.011493,0.391323,-0.920182),FOV=70.00,Time=2.0363},
{Pos=Vector3.new(-58.348,51.700,-839.253),Vel=Vector3.new(7.233,0.000,39.341),Move=Vector3.new(0.181,0,0.984),CFrame=CFrame.new(-58.787,61.522,-860.203,-0.999934,0.004498,-0.010576,0.000000,0.920243,0.391349,0.011493,0.391323,-0.920182),FOV=70.00,Time=2.0651},
{Pos=Vector3.new(-58.168,51.700,-838.269),Vel=Vector3.new(7.233,0.000,39.341),Move=Vector3.new(0.181,0,0.984),CFrame=CFrame.new(-58.576,61.522,-859.055,-0.999934,0.004498,-0.010576,0.000000,0.920242,0.391349,0.011493,0.391323,-0.920182),FOV=70.00,Time=2.0939},
{Pos=Vector3.new(-57.957,51.700,-837.122),Vel=Vector3.new(7.233,0.000,39.341),Move=Vector3.new(0.181,0,0.984),CFrame=CFrame.new(-58.395,61.522,-858.071,-0.999934,0.004498,-0.010576,0.000000,0.920243,0.391349,0.011493,0.391323,-0.920182),FOV=70.00,Time=2.1210},
{Pos=Vector3.new(-57.776,51.700,-836.138),Vel=Vector3.new(7.233,0.000,39.341),Move=Vector3.new(0.181,0,0.984),CFrame=CFrame.new(-58.184,61.522,-856.924,-0.999934,0.004498,-0.010576,0.000000,0.920242,0.391349,0.011493,0.391323,-0.920182),FOV=70.00,Time=2.1478},
{Pos=Vector3.new(-57.569,51.700,-834.990),Vel=Vector3.new(7.080,0.000,39.368),Move=Vector3.new(0.177,0,0.984),CFrame=CFrame.new(-58.003,61.522,-855.940,-0.999934,0.004498,-0.010576,0.000000,0.920243,0.391349,0.011493,0.391323,-0.920182),FOV=70.00,Time=2.1782},
{Pos=Vector3.new(-57.362,51.700,-833.841),Vel=Vector3.new(7.080,0.000,39.368),Move=Vector3.new(0.177,0,0.984),CFrame=CFrame.new(-57.796,61.522,-854.792,-0.999934,0.004498,-0.010576,0.000000,0.920242,0.391349,0.011493,0.391323,-0.920182),FOV=70.00,Time=2.2085},
{Pos=Vector3.new(-57.160,51.700,-832.693),Vel=Vector3.new(6.927,0.000,39.396),Move=Vector3.new(0.173,0,0.985),CFrame=CFrame.new(-57.590,61.522,-853.644,-0.999934,0.004498,-0.010576,0.000000,0.920243,0.391349,0.011493,0.391323,-0.920182),FOV=70.00,Time=2.2311},
{Pos=Vector3.new(-56.954,51.700,-831.544),Vel=Vector3.new(7.080,0.000,39.368),Move=Vector3.new(0.177,0,0.984),CFrame=CFrame.new(-57.388,61.522,-852.495,-0.999934,0.004498,-0.010576,0.000000,0.920242,0.391349,0.011493,0.391323,-0.920182),FOV=70.00,Time=2.2639},
{Pos=Vector3.new(-56.777,51.700,-830.560),Vel=Vector3.new(7.054,0.000,39.373),Move=Vector3.new(0.176,0,0.984),CFrame=CFrame.new(-57.181,61.522,-851.346,-0.999934,0.004498,-0.010576,0.000000,0.920243,0.391349,0.011493,0.391323,-0.920182),FOV=70.00,Time=2.2881},
{Pos=Vector3.new(-56.599,51.700,-829.576),Vel=Vector3.new(7.155,0.000,39.355),Move=Vector3.new(0.179,0,0.984),CFrame=CFrame.new(-57.005,61.522,-850.362,-0.999934,0.004498,-0.010576,0.000000,0.920242,0.391349,0.011493,0.391323,-0.920182),FOV=70.00,Time=2.3139},
{Pos=Vector3.new(-56.361,51.700,-828.264),Vel=Vector3.new(7.129,0.000,39.360),Move=Vector3.new(0.178,0,0.984),CFrame=CFrame.new(-56.826,61.522,-849.378,-0.999934,0.004498,-0.010576,0.000000,0.920243,0.391349,0.011493,0.391323,-0.920182),FOV=70.00,Time=2.3432},
{Pos=Vector3.new(-56.152,51.700,-827.116),Vel=Vector3.new(7.155,0.000,39.355),Move=Vector3.new(0.179,0,0.984),CFrame=CFrame.new(-56.589,61.522,-848.066,-0.999934,0.004498,-0.010576,0.000000,0.920242,0.391349,0.011493,0.391323,-0.920182),FOV=70.00,Time=2.3862},
{Pos=Vector3.new(-55.951,51.700,-825.967),Vel=Vector3.new(6.902,0.000,39.400),Move=Vector3.new(0.173,0,0.985),CFrame=CFrame.new(-56.150,61.743,-846.823,-1.000000,-0.000057,0.000130,0.000000,0.915796,0.401643,-0.000142,0.401643,-0.915796),FOV=70.00,Time=2.4041},
{Pos=Vector3.new(-55.795,51.700,-824.979),Vel=Vector3.new(6.162,0.000,39.523),Move=Vector3.new(0.154,0,0.988),CFrame=CFrame.new(-55.948,62.288,-845.426,-1.000000,-0.000061,0.000128,0.000000,0.904271,0.426959,-0.000142,0.426959,-0.904271),FOV=70.00,Time=2.4308},
{Pos=Vector3.new(-55.631,51.700,-823.824),Vel=Vector3.new(5.563,0.000,39.611),Move=Vector3.new(0.139,0,0.990),CFrame=CFrame.new(-55.792,63.025,-844.073,-1.000000,-0.000065,0.000126,0.000000,0.887304,0.461185,-0.000142,0.461185,-0.887304),FOV=70.00,Time=2.4619},
{Pos=Vector3.new(-55.506,51.700,-822.831),Vel=Vector3.new(4.918,0.000,39.696),Move=Vector3.new(0.123,0,0.992),CFrame=CFrame.new(-55.849,63.328,-842.756,-0.999934,0.005462,-0.010112,0.000000,0.879838,0.475273,0.011493,0.475242,-0.879780),FOV=70.00,Time=2.4830},
{Pos=Vector3.new(-55.369,51.700,-821.673),Vel=Vector3.new(4.702,0.000,39.723),Move=Vector3.new(0.118,0,0.993),CFrame=CFrame.new(-55.941,63.625,-841.597,-0.999732,0.011311,-0.020173,0.000000,0.872235,0.489087,0.023128,0.488956,-0.872002),FOV=70.00,Time=2.5103},
{Pos=Vector3.new(-55.242,51.700,-820.681),Vel=Vector3.new(5.129,0.000,39.670),Move=Vector3.new(0.128,0,0.992),CFrame=CFrame.new(-55.799,63.916,-840.272,-0.999732,0.011625,-0.019994,0.000000,0.864502,0.502630,0.023128,0.502495,-0.864271),FOV=70.00,Time=2.5375},
{Pos=Vector3.new(-55.067,51.700,-819.359),Vel=Vector3.new(5.251,0.000,39.654),Move=Vector3.new(0.131,0,0.991),CFrame=CFrame.new(-55.669,64.107,-839.168,-0.999733,0.011830,-0.019873,0.000000,0.859288,0.511493,0.023128,0.511356,-0.859058),FOV=70.00,Time=2.5692},
{Pos=Vector3.new(-54.910,51.700,-818.203),Vel=Vector3.new(5.386,0.000,39.636),Move=Vector3.new(0.135,0,0.991),CFrame=CFrame.new(-55.495,64.107,-837.846,-0.999733,0.011830,-0.019873,0.000000,0.859288,0.511493,0.023128,0.511356,-0.859058),FOV=70.00,Time=2.5990},
{Pos=Vector3.new(-54.791,51.700,-817.378),Vel=Vector3.new(5.782,0.000,39.580),Move=Vector3.new(0.145,0,0.989),CFrame=CFrame.new(-55.338,64.107,-836.690,-0.999733,0.011830,-0.019873,0.000000,0.859288,0.511493,0.023128,0.511356,-0.859058),FOV=70.00,Time=2.6203},
{Pos=Vector3.new(-54.619,51.700,-816.224),Vel=Vector3.new(5.878,0.000,39.566),Move=Vector3.new(0.147,0,0.989),CFrame=CFrame.new(-55.218,64.107,-835.865,-0.999733,0.011830,-0.019873,0.000000,0.859288,0.511493,0.023128,0.511356,-0.859058),FOV=70.00,Time=2.6495},
{Pos=Vector3.new(-54.467,51.700,-815.236),Vel=Vector3.new(6.114,0.000,39.530),Move=Vector3.new(0.153,0,0.988),CFrame=CFrame.new(-55.047,64.107,-834.711,-0.999733,0.011830,-0.019873,0.000000,0.859288,0.511493,0.023128,0.511356,-0.859058),FOV=70.00,Time=2.6759},
{Pos=Vector3.new(-54.289,51.700,-814.083),Vel=Vector3.new(6.115,0.000,39.530),Move=Vector3.new(0.153,0,0.988),CFrame=CFrame.new(-54.895,64.107,-833.723,-0.999733,0.011830,-0.019873,0.000000,0.859288,0.511493,0.023128,0.511356,-0.859058),FOV=70.00,Time=2.7022},
{Pos=Vector3.new(-54.106,51.700,-812.931),Vel=Vector3.new(6.260,0.000,39.507),Move=Vector3.new(0.157,0,0.988),CFrame=CFrame.new(-54.716,64.107,-832.570,-0.999733,0.011830,-0.019873,0.000000,0.859288,0.511493,0.023128,0.511356,-0.859058),FOV=70.00,Time=2.7308},
{Pos=Vector3.new(-53.956,51.700,-811.942),Vel=Vector3.new(5.989,0.000,39.549),Move=Vector3.new(0.150,0,0.989),CFrame=CFrame.new(-54.534,64.107,-831.417,-0.999733,0.011830,-0.019873,0.000000,0.859288,0.511493,0.023128,0.511356,-0.859058),FOV=70.00,Time=2.7576},
{Pos=Vector3.new(-53.797,51.700,-810.786),Vel=Vector3.new(5.418,0.000,39.631),Move=Vector3.new(0.135,0,0.991),CFrame=CFrame.new(-54.384,64.107,-830.429,-0.999733,0.011830,-0.019873,0.000000,0.859288,0.511493,0.023128,0.511356,-0.859058),FOV=70.00,Time=2.7848},
{Pos=Vector3.new(-53.687,51.700,-809.792),Vel=Vector3.new(4.259,0.000,39.773),Move=Vector3.new(0.106,0,0.994),CFrame=CFrame.new(-54.224,64.107,-829.273,-0.999733,0.011830,-0.019873,0.000000,0.859288,0.511493,0.023128,0.511356,-0.859058),FOV=70.00,Time=2.8109},
{Pos=Vector3.new(-53.608,51.700,-808.795),Vel=Vector3.new(3.077,0.000,39.881),Move=Vector3.new(0.077,0,0.997),CFrame=CFrame.new(-54.115,64.107,-828.279,-0.999733,0.011830,-0.019873,0.000000,0.859288,0.511493,0.023128,0.511356,-0.859058),FOV=70.00,Time=2.8500},
{Pos=Vector3.new(-53.535,51.700,-807.297),Vel=Vector3.new(1.851,0.000,39.957),Move=Vector3.new(0.046,0,0.999),CFrame=CFrame.new(-54.035,64.107,-827.282,-0.999733,0.011830,-0.019873,0.000000,0.859288,0.511493,0.023128,0.511356,-0.859058),FOV=70.00,Time=2.8806},
{Pos=Vector3.new(-53.525,51.700,-806.464),Vel=Vector3.new(0.314,0.000,39.999),Move=Vector3.new(0.008,0,1.000),CFrame=CFrame.new(-53.963,64.107,-825.784,-0.999733,0.011830,-0.019873,0.000000,0.859288,0.511493,0.023128,0.511356,-0.859058),FOV=70.00,Time=2.8983},
{Pos=Vector3.new(-53.546,51.700,-805.298),Vel=Vector3.new(-0.798,0.000,39.992),Move=Vector3.new(-0.020,0,1.000),CFrame=CFrame.new(-53.953,64.107,-824.951,-0.999733,0.011830,-0.019873,0.000000,0.859288,0.511493,0.023128,0.511356,-0.859058),FOV=70.00,Time=2.9295},
{Pos=Vector3.new(-53.590,51.700,-804.298),Vel=Vector3.new(-1.890,0.000,39.955),Move=Vector3.new(-0.047,0,0.999),CFrame=CFrame.new(-53.973,64.107,-823.784,-0.999733,0.011830,-0.019873,0.000000,0.859288,0.511493,0.023128,0.511356,-0.859058),FOV=70.00,Time=2.9574},
{Pos=Vector3.new(-53.644,51.700,-803.300),Vel=Vector3.new(-2.204,0.000,39.939),Move=Vector3.new(-0.055,0,0.998),CFrame=CFrame.new(-54.018,64.107,-822.785,-0.999733,0.011830,-0.019873,0.000000,0.859288,0.511493,0.023128,0.511356,-0.859058),FOV=70.00,Time=2.9787},
{Pos=Vector3.new(-53.712,51.700,-802.135),Vel=Vector3.new(-2.335,0.000,39.932),Move=Vector3.new(-0.058,0,0.998),CFrame=CFrame.new(-54.072,64.107,-821.787,-0.999733,0.011830,-0.019873,0.000000,0.859288,0.511493,0.023128,0.511356,-0.859058),FOV=70.00,Time=3.0019},
{Pos=Vector3.new(-53.804,51.700,-800.304),Vel=Vector3.new(-1.992,0.000,39.950),Move=Vector3.new(-0.050,0,0.999),CFrame=CFrame.new(-54.140,64.107,-820.622,-0.999733,0.011830,-0.019873,0.000000,0.859288,0.511493,0.023128,0.511356,-0.859058),FOV=70.00,Time=3.0515},
{Pos=Vector3.new(-53.834,51.700,-799.471),Vel=Vector3.new(-1.358,0.000,39.977),Move=Vector3.new(-0.034,0,0.999),CFrame=CFrame.new(-54.232,64.107,-818.791,-0.999733,0.011830,-0.019873,0.000000,0.859288,0.511493,0.023128,0.511356,-0.859058),FOV=70.00,Time=3.0671},
{Pos=Vector3.new(-53.848,51.700,-798.972),Vel=Vector3.new(-1.052,0.000,39.986),Move=Vector3.new(-0.026,0,1.000),CFrame=CFrame.new(-54.262,64.107,-817.958,-0.999733,0.011830,-0.019873,0.000000,0.859288,0.511493,0.023128,0.511356,-0.859058),FOV=70.00,Time=3.0830},
{Pos=Vector3.new(-53.893,51.700,-796.972),Vel=Vector3.new(-0.885,0.000,39.990),Move=Vector3.new(-0.022,0,1.000),CFrame=CFrame.new(-54.276,64.107,-817.458,-0.999733,0.011830,-0.019873,0.000000,0.859288,0.511493,0.023128,0.511356,-0.859058),FOV=70.00,Time=3.1350},
{Pos=Vector3.new(-53.899,51.700,-796.305),Vel=Vector3.new(-0.285,0.000,39.999),Move=Vector3.new(-0.007,0,1.000),CFrame=CFrame.new(-54.320,64.107,-815.459,-0.999733,0.011830,-0.019873,0.000000,0.859288,0.511493,0.023128,0.511356,-0.859058),FOV=70.00,Time=3.1484},
{Pos=Vector3.new(-53.904,51.700,-795.472),Vel=Vector3.new(-0.273,0.000,39.999),Move=Vector3.new(-0.007,0,1.000),CFrame=CFrame.new(-54.326,64.107,-814.792,-0.999733,0.011830,-0.019873,0.000000,0.859288,0.511493,0.023128,0.511356,-0.859058),FOV=70.00,Time=3.1706},
{Pos=Vector3.new(-53.918,51.700,-794.472),Vel=Vector3.new(-0.571,0.000,39.996),Move=Vector3.new(-0.014,0,1.000),CFrame=CFrame.new(-54.332,64.107,-813.959,-0.999733,0.011830,-0.019873,0.000000,0.859288,0.511493,0.023128,0.511356,-0.859058),FOV=70.00,Time=3.1941},
{Pos=Vector3.new(-53.934,51.700,-793.806),Vel=Vector3.new(-1.026,0.000,39.987),Move=Vector3.new(-0.026,0,1.000),CFrame=CFrame.new(-54.346,64.107,-812.959,-0.999733,0.011830,-0.019873,0.000000,0.859288,0.511493,0.023128,0.511356,-0.859058),FOV=70.00,Time=3.2124},
{Pos=Vector3.new(-53.955,52.787,-792.973),Vel=Vector3.new(-1.981,50.701,39.951),Move=Vector3.new(-0.050,0,0.999),CFrame=CFrame.new(-54.362,64.107,-812.292,-0.999733,0.011830,-0.019873,0.000000,0.859288,0.511493,0.023128,0.511356,-0.859058),FOV=70.00,Time=3.2342},
{Pos=Vector3.new(-54.014,53.792,-792.141),Vel=Vector3.new(-2.951,46.613,39.891),Move=Vector3.new(-0.074,0,0.997),CFrame=CFrame.new(-54.383,65.194,-811.459,-0.999733,0.011830,-0.019873,0.000000,0.859288,0.511493,0.023128,0.511356,-0.859058),FOV=70.00,Time=3.2543},
{Pos=Vector3.new(-54.076,54.865,-791.310),Vel=Vector3.new(-4.003,49.883,39.799),Move=Vector3.new(-0.100,0,0.995),CFrame=CFrame.new(-54.442,66.199,-810.628,-0.999733,0.011830,-0.019873,0.000000,0.859288,0.511493,0.023128,0.511356,-0.859058),FOV=70.00,Time=3.2737},
{Pos=Vector3.new(-54.150,55.663,-790.648),Vel=Vector3.new(-4.559,46.613,39.739),Move=Vector3.new(-0.114,0,0.993),CFrame=CFrame.new(-54.503,67.273,-809.797,-0.999733,0.011830,-0.019873,0.000000,0.859288,0.511493,0.023128,0.511356,-0.859058),FOV=70.00,Time=3.2929},
{Pos=Vector3.new(-54.256,56.583,-789.821),Vel=Vector3.new(-5.154,42.526,39.667),Move=Vector3.new(-0.129,0,0.992),CFrame=CFrame.new(-54.578,68.070,-809.135,-0.999733,0.011830,-0.019873,0.000000,0.859288,0.511493,0.023128,0.511356,-0.859058),FOV=70.00,Time=3.3112},
{Pos=Vector3.new(-54.347,57.257,-789.161),Vel=Vector3.new(-5.501,39.256,39.620),Move=Vector3.new(-0.138,0,0.990),CFrame=CFrame.new(-54.684,68.990,-808.308,-0.999733,0.011830,-0.019873,0.000000,0.859288,0.511493,0.023128,0.511356,-0.859058),FOV=70.00,Time=3.3289},
{Pos=Vector3.new(-54.463,58.024,-788.336),Vel=Vector3.new(-5.554,35.168,39.613),Move=Vector3.new(-0.139,0,0.990),CFrame=CFrame.new(-54.775,69.665,-807.648,-0.999733,0.011830,-0.019873,0.000000,0.859288,0.511493,0.023128,0.511356,-0.859058),FOV=70.00,Time=3.3476},
{Pos=Vector3.new(-54.556,58.576,-787.676),Vel=Vector3.new(-5.580,31.898,39.609),Move=Vector3.new(-0.140,0,0.990),CFrame=CFrame.new(-54.890,70.431,-806.823,-0.999733,0.011830,-0.019873,0.000000,0.859288,0.511493,0.023128,0.511356,-0.859058),FOV=70.00,Time=3.3636},
{Pos=Vector3.new(-54.626,58.955,-787.181),Vel=Vector3.new(-5.634,29.446,39.601),Move=Vector3.new(-0.141,0,0.990),CFrame=CFrame.new(-54.983,70.983,-806.162,-0.999733,0.011830,-0.019873,0.000000,0.859288,0.511493,0.023128,0.511356,-0.859058),FOV=70.00,Time=3.3785},
{Pos=Vector3.new(-54.721,59.411,-786.521),Vel=Vector3.new(-5.689,26.176,39.593),Move=Vector3.new(-0.142,0,0.990),CFrame=CFrame.new(-55.054,71.362,-805.667,-0.999733,0.011830,-0.019873,0.000000,0.859288,0.511493,0.023128,0.511356,-0.859058),FOV=70.00,Time=3.3955},
{Pos=Vector3.new(-54.817,59.813,-785.861),Vel=Vector3.new(-5.802,22.906,39.577),Move=Vector3.new(-0.145,0,0.989),CFrame=CFrame.new(-55.148,71.818,-805.007,-0.999733,0.011830,-0.019873,0.000000,0.859288,0.511493,0.023128,0.511356,-0.859058),FOV=70.00,Time=3.4124},
{Pos=Vector3.new(-54.915,60.161,-785.202),Vel=Vector3.new(-5.889,19.636,39.564),Move=Vector3.new(-0.147,0,0.989),CFrame=CFrame.new(-55.245,72.221,-804.348,-0.999733,0.011830,-0.019873,0.000000,0.859288,0.511493,0.023128,0.511356,-0.859058),FOV=70.00,Time=3.4278},
{Pos=Vector3.new(-55.012,60.454,-784.542),Vel=Vector3.new(-5.810,16.366,39.576),Move=Vector3.new(-0.145,0,0.989),CFrame=CFrame.new(-55.343,72.568,-803.688,-0.999733,0.011830,-0.019873,0.000000,0.859288,0.511493,0.023128,0.511356,-0.859058),FOV=70.00,Time=3.4455},
{Pos=Vector3.new(-55.111,60.693,-783.883),Vel=Vector3.new(-5.961,13.096,39.553),Move=Vector3.new(-0.149,0,0.989),CFrame=CFrame.new(-55.440,72.862,-803.029,-0.999733,0.011830,-0.019873,0.000000,0.859288,0.511493,0.023128,0.511356,-0.859058),FOV=70.00,Time=3.4621},
{Pos=Vector3.new(-55.212,60.877,-783.224),Vel=Vector3.new(-6.050,9.826,39.540),Move=Vector3.new(-0.151,0,0.988),CFrame=CFrame.new(-55.539,73.100,-802.369,-0.999733,0.011830,-0.019873,0.000000,0.859288,0.511493,0.023128,0.511356,-0.859058),FOV=70.00,Time=3.4788},
{Pos=Vector3.new(-55.333,61.007,-782.568),Vel=Vector3.new(-7.772,6.556,39.238),Move=Vector3.new(-0.194,0,0.981),CFrame=CFrame.new(-55.639,73.284,-801.710,-0.999733,0.011830,-0.019873,0.000000,0.859288,0.511493,0.023128,0.511356,-0.859058),FOV=70.00,Time=3.4946},
{Pos=Vector3.new(-55.485,61.082,-781.919),Vel=Vector3.new(-9.781,3.286,38.786),Move=Vector3.new(-0.245,0,0.970),CFrame=CFrame.new(-55.761,73.414,-801.055,-0.999733,0.011830,-0.019873,0.000000,0.859288,0.511493,0.023128,0.511356,-0.859058),FOV=70.00,Time=3.5119},
{Pos=Vector3.new(-55.656,61.103,-781.275),Vel=Vector3.new(-10.396,0.016,38.625),Move=Vector3.new(-0.260,0,0.966),CFrame=CFrame.new(-55.912,73.489,-800.406,-0.999733,0.011830,-0.019873,0.000000,0.859288,0.511493,0.023128,0.511356,-0.859058),FOV=70.00,Time=3.5286},
{Pos=Vector3.new(-55.820,61.069,-780.629),Vel=Vector3.new(-9.743,-3.254,38.795),Move=Vector3.new(-0.244,0,0.970),CFrame=CFrame.new(-56.084,73.510,-799.762,-0.999733,0.011830,-0.019873,0.000000,0.859288,0.511493,0.023128,0.511356,-0.859058),FOV=70.00,Time=3.5454},
{Pos=Vector3.new(-55.958,60.981,-779.985),Vel=Vector3.new(-1.178,-6.524,39.983),Move=Vector3.new(-0.029,0,1.000),CFrame=CFrame.new(-56.248,73.476,-799.116,-0.999733,0.011830,-0.019873,0.000000,0.859288,0.511493,0.023128,0.511356,-0.859058),FOV=70.00,Time=3.5614},
{Pos=Vector3.new(-55.966,60.838,-779.340),Vel=Vector3.new(6.320,-9.794,39.498),Move=Vector3.new(0.158,0,0.987),CFrame=CFrame.new(-56.386,73.388,-798.471,-0.999733,0.011830,-0.019873,0.000000,0.859288,0.511493,0.023128,0.511356,-0.859058),FOV=70.00,Time=3.5793},
{Pos=Vector3.new(-55.855,60.641,-778.706),Vel=Vector3.new(16.081,-13.064,36.625),Move=Vector3.new(0.402,0,0.916),CFrame=CFrame.new(-56.394,73.245,-797.827,-0.999733,0.011830,-0.019873,0.000000,0.859288,0.511493,0.023128,0.511356,-0.859058),FOV=70.00,Time=3.5949},
{Pos=Vector3.new(-55.587,60.389,-778.120),Vel=Vector3.new(30.704,-16.334,25.637),Move=Vector3.new(0.768,0,0.641),CFrame=CFrame.new(-56.283,73.048,-797.193,-0.999733,0.011830,-0.019873,0.000000,0.859288,0.511493,0.023128,0.511356,-0.859058),FOV=70.00,Time=3.6123},
{Pos=Vector3.new(-55.092,60.083,-777.712),Vel=Vector3.new(34.333,-19.604,20.524),Move=Vector3.new(0.858,0,0.513),CFrame=CFrame.new(-56.015,72.796,-796.607,-0.999733,0.011830,-0.019873,0.000000,0.859288,0.511493,0.023128,0.511356,-0.859058),FOV=70.00,Time=3.6288},
{Pos=Vector3.new(-54.538,59.722,-777.386),Vel=Vector3.new(36.629,-22.874,16.073),Move=Vector3.new(0.916,0,0.402),CFrame=CFrame.new(-55.519,72.490,-796.199,-0.999733,0.011830,-0.019873,0.000000,0.859288,0.511493,0.023128,0.511356,-0.859058),FOV=70.00,Time=3.6454},
{Pos=Vector3.new(-53.950,59.306,-777.129),Vel=Vector3.new(37.236,-26.144,14.612),Move=Vector3.new(0.931,0,0.365),CFrame=CFrame.new(-54.966,72.129,-795.872,-0.999733,0.011830,-0.019873,0.000000,0.859288,0.511493,0.023128,0.511356,-0.859058),FOV=70.00,Time=3.6617},
{Pos=Vector3.new(-53.354,58.837,-776.891),Vel=Vector3.new(35.508,-29.414,18.417),Move=Vector3.new(0.888,0,0.460),CFrame=CFrame.new(-54.378,71.714,-795.616,-0.999733,0.011830,-0.019873,0.000000,0.859288,0.511493,0.023128,0.511356,-0.859058),FOV=70.00,Time=3.6785},
{Pos=Vector3.new(-52.780,58.312,-776.567),Vel=Vector3.new(18.182,-32.684,35.629),Move=Vector3.new(0.455,0,0.891),CFrame=CFrame.new(-53.781,71.244,-795.378,-0.999733,0.011830,-0.019873,0.000000,0.859288,0.511493,0.023128,0.511356,-0.859058),FOV=70.00,Time=3.6962},
{Pos=Vector3.new(-52.499,57.734,-775.963),Vel=Vector3.new(13.972,-35.954,37.480),Move=Vector3.new(0.349,0,0.937),CFrame=CFrame.new(-53.207,70.720,-795.053,-0.999733,0.011830,-0.019873,0.000000,0.859288,0.511493,0.023128,0.511356,-0.859058),FOV=70.00,Time=3.7126},
{Pos=Vector3.new(-52.286,57.100,-775.331),Vel=Vector3.new(12.283,-39.224,38.068),Move=Vector3.new(0.307,0,0.952),CFrame=CFrame.new(-52.927,70.141,-794.450,-0.999733,0.011830,-0.019873,0.000000,0.859288,0.511493,0.023128,0.511356,-0.859058),FOV=70.00,Time=3.7287},
{Pos=Vector3.new(-52.079,56.412,-774.698),Vel=Vector3.new(12.458,-42.494,38.010),Move=Vector3.new(0.311,0,0.950),CFrame=CFrame.new(-52.714,69.508,-793.818,-0.999733,0.011830,-0.019873,0.000000,0.859288,0.511493,0.023128,0.511356,-0.859058),FOV=70.00,Time=3.7468},
{Pos=Vector3.new(-51.871,55.670,-774.064),Vel=Vector3.new(12.475,-45.764,38.005),Move=Vector3.new(0.312,0,0.950),CFrame=CFrame.new(-52.507,68.820,-793.184,-0.999733,0.011830,-0.019873,0.000000,0.859288,0.511493,0.023128,0.511356,-0.859058),FOV=70.00,Time=3.7627},
{Pos=Vector3.new(-51.664,54.873,-773.431),Vel=Vector3.new(12.443,-49.034,38.016),Move=Vector3.new(0.311,0,0.950),CFrame=CFrame.new(-52.299,68.077,-792.551,-0.999733,0.011830,-0.019873,0.000000,0.859288,0.511493,0.023128,0.511356,-0.859058),FOV=70.00,Time=3.7791},
{Pos=Vector3.new(-51.453,54.022,-772.798),Vel=Vector3.new(12.693,-52.304,37.933),Move=Vector3.new(0.317,0,0.948),CFrame=CFrame.new(-52.091,67.281,-791.917,-0.999733,0.011830,-0.019873,0.000000,0.859288,0.511493,0.023128,0.511356,-0.859058),FOV=70.00,Time=3.7953},
{Pos=Vector3.new(-51.227,53.116,-772.171),Vel=Vector3.new(13.721,-55.574,37.573),Move=Vector3.new(0.343,0,0.939),CFrame=CFrame.new(-51.881,66.429,-791.285,-0.999733,0.011830,-0.019873,0.000000,0.859288,0.511493,0.023128,0.511356,-0.859058),FOV=70.00,Time=3.8132},
{Pos=Vector3.new(-50.989,52.156,-771.548),Vel=Vector3.new(14.362,-58.844,37.333),Move=Vector3.new(0.359,0,0.933),CFrame=CFrame.new(-51.655,65.524,-790.658,-0.999733,0.011830,-0.019873,0.000000,0.859288,0.511493,0.023128,0.511356,-0.859058),FOV=70.00,Time=3.8299},
{Pos=Vector3.new(-50.672,50.879,-770.778),Vel=Vector3.new(15.418,-62.932,36.909),Move=Vector3.new(0.385,0,0.923),CFrame=CFrame.new(-51.417,64.563,-790.035,-0.999733,0.011830,-0.019873,0.000000,0.859288,0.511493,0.023128,0.511356,-0.859058),FOV=70.00,Time=3.8470},
{Pos=Vector3.new(-50.473,50.072,-770.319),Vel=Vector3.new(15.935,-65.384,36.687),Move=Vector3.new(0.399,0,0.917),CFrame=CFrame.new(-51.099,63.286,-789.265,-0.999733,0.011830,-0.019873,0.000000,0.859288,0.511493,0.023128,0.511356,-0.859058),FOV=70.00,Time=3.8625},
