-- V23 Loop
local RunService=game:GetService("RunService")
local lp=game.Players.LocalPlayer
local cam=workspace.CurrentCamera
local char=lp.Character or lp.CharacterAdded:Wait()
local hrp=char:WaitForChild("HumanoidRootPart")
local hum=char:WaitForChild("Humanoid")
hum.AutoRotate=false
cam.CameraType=Enum.CameraType.Scriptable
local frames={{Pos=Vector3.new(-30.408,40.197,7.562),Vel=Vector3.new(-0.000,0.000,0.000),Move=Vector3.new(0.000,0,0.000),Jump=false,CFrame=CFrame.new(-40.622,43.315,8.675,0.108294,0.163922,-0.980511,0.000000,0.986312,0.164892,0.994119,-0.017857,0.106812),FOV=70.00,Time=0.0000},{Pos=Vector3.new(-30.408,40.197,7.562),Vel=Vector3.new(-0.000,0.000,0.000),Move=Vector3.new(0.000,0,0.000),Jump=false,CFrame=CFrame.new(-40.622,43.315,8.675,0.108294,0.163922,-0.980511,0.000000,0.986312,0.164892,0.994119,-0.017857,0.106812),FOV=70.00,Time=0.0162},{Pos=Vector3.new(-30.408,40.197,7.562),Vel=Vector3.new(-0.000,0.000,0.000),Move=Vector3.new(0.000,0,0.000),Jump=false,CFrame=CFrame.new(-40.622,43.315,8.675,0.108294,0.163922,-0.980511,0.000000,0.986312,0.164892,0.994119,-0.017857,0.106812),FOV=70.00,Time=0.0330},{Pos=Vector3.new(-30.408,40.197,7.562),Vel=Vector3.new(-0.000,0.000,0.000),Move=Vector3.new(0.000,0,0.000),Jump=false,CFrame=CFrame.new(-40.622,43.315,8.675,0.108294,0.163922,-0.980511,0.000000,0.986312,0.164892,0.994119,-0.017857,0.106812),FOV=70.00,Time=0.0499},{Pos=Vector3.new(-30.408,40.197,7.562),Vel=Vector3.new(-0.000,0.000,0.000),Move=Vector3.new(0.000,0,0.000),Jump=false,CFrame=CFrame.new(-40.622,43.315,8.675,0.108294,0.163922,-0.980511,0.000000,0.986312,0.164892,0.994119,-0.017857,0.106812),FOV=70.00,Time=0.0663},{Pos=Vector3.new(-30.408,40.197,7.562),Vel=Vector3.new(0.000,0.000,-0.000),Move=Vector3.new(0.000,0,0.000),Jump=false,CFrame=CFrame.new(-40.622,43.315,8.675,0.108294,0.163922,-0.980511,0.000000,0.986312,0.164892,0.994119,-0.017857,0.106812),FOV=70.00,Time=0.0837},{Pos=Vector3.new(-30.408,40.197,7.562),Vel=Vector3.new(0.000,0.000,-0.000),Move=Vector3.new(0.000,0,0.000),Jump=false,CFrame=CFrame.new(-40.622,43.315,8.675,0.108294,0.163922,-0.980511,0.000000,0.986312,0.164892,0.994119,-0.017857,0.106812),FOV=70.00,Time=0.0995},{Pos=Vector3.new(-30.408,40.197,7.562),Vel=Vector3.new(0.000,0.000,-0.000),Move=Vector3.new(0.000,0,0.000),Jump=false,CFrame=CFrame.new(-40.622,43.315,8.675,0.108294,0.163922,-0.980511,0.000000,0.986312,0.164892,0.994119,-0.017857,0.106812),FOV=70.00,Time=0.1164},{Pos=Vector3.new(-30.408,40.197,7.562),Vel=Vector3.new(0.000,0.000,-0.000),Move=Vector3.new(0.000,0,0.000),Jump=false,CFrame=CFrame.new(-40.622,43.315,8.675,0.108294,0.163922,-0.980511,0.000000,0.986312,0.164892,0.994119,-0.017857,0.106812),FOV=70.00,Time=0.1328},{Pos=Vector3.new(-30.408,40.197,7.562),Vel=Vector3.new(0.000,0.000,-0.000),Move=Vector3.new(0.000,0,0.000),Jump=false,CFrame=CFrame.new(-40.622,43.315,8.675,0.108294,0.163922,-0.980511,0.000000,0.986312,0.164892,0.994119,-0.017857,0.106812),FOV=70.00,Time=0.1501},{Pos=Vector3.new(-30.408,40.197,7.562),Vel=Vector3.new(-0.000,0.000,0.000),Move=Vector3.new(0.000,0,0.000),Jump=false,CFrame=CFrame.new(-40.622,43.315,8.675,0.108294,0.163922,-0.980511,0.000000,0.986312,0.164892,0.994119,-0.017857,0.106812),FOV=70.00,Time=0.1663},{Pos=Vector3.new(-30.408,40.197,7.562),Vel=Vector3.new(-0.000,0.000,0.000),Move=Vector3.new(0.000,0,0.000),Jump=false,CFrame=CFrame.new(-40.622,43.315,8.675,0.108294,0.163922,-0.980511,0.000000,0.986312,0.164892,0.994119,-0.017857,0.106812),FOV=70.00,Time=0.1831},{Pos=Vector3.new(-30.408,40.197,7.562),Vel=Vector3.new(-0.000,0.000,0.000),Move=Vector3.new(0.000,0,0.000),Jump=false,CFrame=CFrame.new(-40.622,43.315,8.675,0.108294,0.163922,-0.980511,0.000000,0.986312,0.164892,0.994119,-0.017857,0.106812),FOV=70.00,Time=0.2001},{Pos=Vector3.new(-30.408,40.197,7.562),Vel=Vector3.new(-0.000,0.000,0.000),Move=Vector3.new(0.000,0,0.000),Jump=false,CFrame=CFrame.new(-40.622,43.315,8.675,0.108294,0.163922,-0.980511,0.000000,0.986312,0.164892,0.994119,-0.017857,0.106812),FOV=70.00,Time=0.2175},{Pos=Vector3.new(-30.408,40.197,7.562),Vel=Vector3.new(-0.000,0.000,0.000),Move=Vector3.new(0.000,0,0.000),Jump=false,CFrame=CFrame.new(-40.622,43.315,8.675,0.108294,0.163922,-0.980511,0.000000,0.986312,0.164892,0.994119,-0.017857,0.106812),FOV=70.00,Time=0.2332},{Pos=Vector3.new(-30.408,40.197,7.562),Vel=Vector3.new(-0.000,0.000,0.000),Move=Vector3.new(0.000,0,0.000),Jump=false,CFrame=CFrame.new(-40.622,43.315,8.675,0.108294,0.163922,-0.980511,0.000000,0.986312,0.164892,0.994119,-0.017857,0.106812),FOV=70.00,Time=0.2498},{Pos=Vector3.new(-30.408,40.197,7.562),Vel=Vector3.new(-0.000,0.000,0.000),Move=Vector3.new(0.000,0,0.000),Jump=false,CFrame=CFrame.new(-40.622,43.315,8.675,0.108294,0.163922,-0.980511,0.000000,0.986312,0.164892,0.994119,-0.017857,0.106812),FOV=70.00,Time=0.2665},{Pos=Vector3.new(-30.408,40.197,7.562),Vel=Vector3.new(-0.000,0.000,0.000),Move=Vector3.new(0.000,0,0.000),Jump=false,CFrame=CFrame.new(-40.622,43.315,8.675,0.108294,0.163922,-0.980511,0.000000,0.986312,0.164892,0.994119,-0.017857,0.106812),FOV=70.00,Time=0.2830},{Pos=Vector3.new(-30.408,40.197,7.562),Vel=Vector3.new(-0.000,0.000,0.000),Move=Vector3.new(0.000,0,0.000),Jump=false,CFrame=CFrame.new(-40.622,43.315,8.675,0.108294,0.163922,-0.980511,0.000000,0.986312,0.164892,0.994119,-0.017857,0.106812),FOV=70.00,Time=0.3013},{Pos=Vector3.new(-30.408,40.197,7.562),Vel=Vector3.new(-0.000,0.000,0.000),Move=Vector3.new(0.000,0,0.000),Jump=false,CFrame=CFrame.new(-40.622,43.315,8.675,0.108294,0.163922,-0.980511,0.000000,0.986312,0.164892,0.994119,-0.017857,0.106812),FOV=70.00,Time=0.3164},{Pos=Vector3.new(-30.408,40.197,7.562),Vel=Vector3.new(0.000,0.000,-0.000),Move=Vector3.new(0.000,0,0.000),Jump=false,CFrame=CFrame.new(-40.622,43.315,8.675,0.108294,0.163922,-0.980511,0.000000,0.986312,0.164892,0.994119,-0.017857,0.106812),FOV=70.00,Time=0.3327},{Pos=Vector3.new(-30.408,40.197,7.562),Vel=Vector3.new(0.000,0.000,-0.000),Move=Vector3.new(0.000,0,0.000),Jump=false,CFrame=CFrame.new(-40.622,43.315,8.675,0.108294,0.163922,-0.980511,0.000000,0.986312,0.164892,0.994119,-0.017857,0.106812),FOV=70.00,Time=0.3495},{Pos=Vector3.new(-30.408,40.197,7.562),Vel=Vector3.new(0.000,0.000,-0.000),Move=Vector3.new(0.000,0,0.000),Jump=false,CFrame=CFrame.new(-40.622,43.315,8.675,0.108294,0.163922,-0.980511,0.000000,0.986312,0.164892,0.994119,-0.017857,0.106812),FOV=70.00,Time=0.3670},{Pos=Vector3.new(-30.408,40.197,7.562),Vel=Vector3.new(0.000,0.000,-0.000),Move=Vector3.new(0.000,0,0.000),Jump=false,CFrame=CFrame.new(-40.622,43.315,8.675,0.108294,0.163922,-0.980511,0.000000,0.986312,0.164892,0.994119,-0.017857,0.106812),FOV=70.00,Time=0.3829},{Pos=Vector3.new(-30.408,40.197,7.562),Vel=Vector3.new(0.000,0.000,-0.000),Move=Vector3.new(0.000,0,0.000),Jump=false,CFrame=CFrame.new(-40.622,43.315,8.675,0.108294,0.163922,-0.980511,0.000000,0.986312,0.164892,0.994119,-0.017857,0.106812),FOV=70.00,Time=0.3995},{Pos=Vector3.new(-30.408,40.197,7.562),Vel=Vector3.new(-0.000,0.000,0.000),Move=Vector3.new(0.000,0,0.000),Jump=false,CFrame=CFrame.new(-40.622,43.315,8.675,0.108294,0.163922,-0.980511,0.000000,0.986312,0.164892,0.994119,-0.017857,0.106812),FOV=70.00,Time=0.4160},{Pos=Vector3.new(-30.408,40.197,7.562),Vel=Vector3.new(-0.000,0.000,0.000),Move=Vector3.new(0.000,0,0.000),Jump=false,CFrame=CFrame.new(-40.622,43.315,8.675,0.108294,0.163922,-0.980511,0.000000,0.986312,0.164892,0.994119,-0.017857,0.106812),FOV=70.00,Time=0.4333},{Pos=Vector3.new(-30.408,40.197,7.562),Vel=Vector3.new(-0.000,0.000,0.000),Move=Vector3.new(0.000,0,0.000),Jump=false,CFrame=CFrame.new(-40.622,43.315,8.675,0.108294,0.163922,-0.980511,0.000000,0.986312,0.164892,0.994119,-0.017857,0.106812),FOV=70.00,Time=0.4492},{Pos=Vector3.new(-30.331,40.197,7.558),Vel=Vector3.new(6.002,0.000,-0.301),Move=Vector3.new(0.999,0,-0.050),Jump=false,CFrame=CFrame.new(-40.622,43.315,8.675,0.108294,0.163922,-0.980511,0.000000,0.986312,0.164892,0.994119,-0.017857,0.106812),FOV=70.00,Time=0.4664},{Pos=Vector3.new(-30.168,40.197,7.548),Vel=Vector3.new(11.992,0.000,-0.801),Move=Vector3.new(0.997,0,-0.078),Jump=false,CFrame=CFrame.new(-40.546,43.315,8.671,0.108294,0.163922,-0.980511,0.000000,0.986312,0.164892,0.994119,-0.017857,0.106812),FOV=70.00,Time=0.4856},{Pos=Vector3.new(-29.905,40.197,7.529),Vel=Vector3.new(17.974,0.000,-1.377),Move=Vector3.new(0.996,0,-0.087),Jump=false,CFrame=CFrame.new(-40.382,43.315,8.661,0.108294,0.163922,-0.980511,0.000000,0.986312,0.164892,0.994119,-0.017857,0.106812),FOV=70.00,Time=0.5050},{Pos=Vector3.new(-29.436,40.197,7.491),Vel=Vector3.new(25.444,0.000,-2.174),Move=Vector3.new(0.996,0,-0.092),Jump=false,CFrame=CFrame.new(-40.119,43.315,8.642,0.108294,0.163922,-0.980511,0.000000,0.986312,0.164892,0.994119,-0.017857,0.106812),FOV=70.00,Time=0.5238},{Pos=Vector3.new(-28.812,40.197,7.435),Vel=Vector3.new(32.904,0.000,-3.059),Move=Vector3.new(0.995,0,-0.096),Jump=false,CFrame=CFrame.new(-39.650,43.315,8.604,0.108294,0.163922,-0.980511,0.000000,0.986312,0.164892,0.994119,-0.017857,0.106812),FOV=70.00,Time=0.5449},{Pos=Vector3.new(-28.201,40.197,7.377),Vel=Vector3.new(38.868,0.000,-3.800),Move=Vector3.new(0.995,0,-0.097),Jump=false,CFrame=CFrame.new(-39.026,43.315,8.548,0.108294,0.163922,-0.980511,0.000000,0.986312,0.164892,0.994119,-0.017857,0.106812),FOV=70.00,Time=0.5602},{Pos=Vector3.new(-27.540,40.197,7.312),Vel=Vector3.new(39.771,0.000,-3.940),Move=Vector3.new(0.995,0,-0.098),Jump=false,CFrame=CFrame.new(-38.415,43.315,8.489,0.108294,0.163922,-0.980511,0.000000,0.986312,0.164892,0.994119,-0.017857,0.106812),FOV=70.00,Time=0.5760},{Pos=Vector3.new(-27.042,40.197,7.262),Vel=Vector3.new(39.789,0.000,-3.965),Move=Vector3.new(0.995,0,-0.099),Jump=false,CFrame=CFrame.new(-37.754,43.315,8.424,0.108294,0.163922,-0.980511,0.000000,0.986312,0.164892,0.994119,-0.017857,0.106812),FOV=70.00,Time=0.5924},{Pos=Vector3.new(-26.379,40.197,7.197),Vel=Vector3.new(39.797,0.000,-3.929),Move=Vector3.new(0.995,0,-0.098),Jump=false,CFrame=CFrame.new(-37.257,43.315,8.375,0.108294,0.163922,-0.980511,0.000000,0.986312,0.164892,0.994119,-0.017857,0.106812),FOV=70.00,Time=0.6071},{Pos=Vector3.new(-25.715,40.197,7.133),Vel=Vector3.new(39.807,0.000,-3.852),Move=Vector3.new(0.995,0,-0.096),Jump=false,CFrame=CFrame.new(-36.593,43.315,8.310,0.108294,0.163922,-0.980511,0.000000,0.986312,0.164892,0.994119,-0.017857,0.106812),FOV=70.00,Time=0.6224},{Pos=Vector3.new(-25.218,40.197,7.086),Vel=Vector3.new(39.817,0.000,-3.757),Move=Vector3.new(0.996,0,-0.093),Jump=false,CFrame=CFrame.new(-35.930,43.315,8.246,0.108294,0.163922,-0.980511,0.000000,0.986312,0.164892,0.994119,-0.017857,0.106812),FOV=70.00,Time=0.6388},{Pos=Vector3.new(-24.554,40.197,7.026),Vel=Vector3.new(39.833,0.000,-3.599),Move=Vector3.new(0.996,0,-0.090),Jump=false,CFrame=CFrame.new(-35.432,43.315,8.199,0.108294,0.163922,-0.980511,0.000000,0.986312,0.164892,0.994119,-0.017857,0.106812),FOV=70.00,Time=0.6535},{Pos=Vector3.new(-23.890,40.197,6.966),Vel=Vector3.new(39.835,0.000,-3.594),Move=Vector3.new(0.996,0,-0.090),Jump=false,CFrame=CFrame.new(-34.768,43.315,8.139,0.108294,0.163922,-0.980511,0.000000,0.986312,0.164892,0.994119,-0.017857,0.106812),FOV=70.00,Time=0.6685},{Pos=Vector3.new(-23.226,40.197,6.908),Vel=Vector3.new(39.844,0.000,-3.502),Move=Vector3.new(0.996,0,-0.087),Jump=false,CFrame=CFrame.new(-34.104,43.315,8.079,0.108294,0.163922,-0.980511,0.000000,0.986312,0.164892,0.994119,-0.017857,0.106812),FOV=70.00,Time=0.6846},{Pos=Vector3.new(-22.561,40.197,6.852),Vel=Vector3.new(39.855,0.000,-3.377),Move=Vector3.new(0.996,0,-0.084),Jump=false,CFrame=CFrame.new(-33.440,43.315,8.021,0.108294,0.163922,-0.980511,0.000000,0.986312,0.164892,0.994119,-0.017857,0.106812),FOV=70.00,Time=0.7034},{Pos=Vector3.new(-21.897,40.197,6.798),Vel=Vector3.new(39.870,0.000,-3.205),Move=Vector3.new(0.997,0,-0.080),Jump=false,CFrame=CFrame.new(-32.776,43.315,7.964,0.108294,0.163922,-0.980511,0.000000,0.986312,0.164892,0.994119,-0.017857,0.106812),FOV=70.00,Time=0.7191},{Pos=Vector3.new(-21.232,40.197,6.745),Vel=Vector3.new(39.871,0.000,-3.201),Move=Vector3.new(0.997,0,-0.080),Jump=false,CFrame=CFrame.new(-32.111,43.315,7.911,0.108294,0.163922,-0.980511,0.000000,0.986312,0.164892,0.994119,-0.017857,0.106812),FOV=70.00,Time=0.7366},{Pos=Vector3.new(-20.568,40.197,6.693),Vel=Vector3.new(39.880,0.000,-3.086),Move=Vector3.new(0.997,0,-0.077),Jump=false,CFrame=CFrame.new(-31.447,43.315,7.857,0.108294,0.163922,-0.980511,0.000000,0.986312,0.164892,0.994119,-0.017857,0.106812),FOV=70.00,Time=0.7510},{Pos=Vector3.new(-19.903,40.197,6.642),Vel=Vector3.new(39.884,0.000,-3.041),Move=Vector3.new(0.997,0,-0.076),Jump=false,CFrame=CFrame.new(-30.782,43.315,7.806,0.108294,0.163922,-0.980511,0.000000,0.986312,0.164892,0.994119,-0.017857,0.106812),FOV=70.00,Time=0.7685},{Pos=Vector3.new(-19.238,40.197,6.592),Vel=Vector3.new(39.884,0.000,-3.039),Move=Vector3.new(0.997,0,-0.076),Jump=false,CFrame=CFrame.new(-30.119,43.477,7.433,0.077120,0.179913,-0.980655,0.000000,0.983584,0.180450,0.997022,-0.013916,0.075854),FOV=70.00,Time=0.7857},{Pos=Vector3.new(-18.572,40.197,6.559),Vel=Vector3.new(39.958,0.000,-1.814),Move=Vector3.new(0.999,0,-0.045),Jump=false,CFrame=CFrame.new(-29.414,43.826,6.610,0.001793,0.213936,-0.976846,0.000000,0.976848,0.213936,0.999998,-0.000384,0.001752),FOV=70.00,Time=0.8020},{Pos=Vector3.new(-17.906,40.197,6.569),Vel=Vector3.new(39.980,0.000,1.143),Move=Vector3.new(1.000,0,0.031),Jump=false,CFrame=CFrame.new(-28.656,44.110,5.827,-0.072431,0.240538,-0.967934,0.000000,0.970483,0.241171,0.997373,0.017468,-0.070293),FOV=70.00,Time=0.8185},{Pos=Vector3.new(-17.242,40.197,6.629),Vel=Vector3.new(39.784,0.000,4.104),Move=Vector3.new(0.994,0,0.105),Jump=false,CFrame=CFrame.new(-27.899,44.270,5.337,-0.122441,0.254601,-0.959264,0.000000,0.966536,0.256531,0.992476,0.031410,-0.118344),FOV=70.00,Time=0.8355},{Pos=Vector3.new(-16.583,40.197,6.727),Vel=Vector3.new(39.523,0.000,6.136),Move=Vector3.new(0.988,0,0.155),Jump=false,CFrame=CFrame.new(-27.202,44.287,5.186,-0.143388,0.255544,-0.956105,0.000000,0.966088,0.258212,0.989667,0.037025,-0.138526),FOV=70.00,Time=0.8518},{Pos=Vector3.new(-15.926,40.197,6.842),Vel=Vector3.new(39.381,0.000,6.994),Move=Vector3.new(0.984,0,0.176),Jump=false,CFrame=CFrame.new(-26.519,44.287,5.125,-0.159183,0.254920,-0.953770,0.000000,0.966088,0.258212,0.987249,0.041103,-0.153785),FOV=70.00,Time=0.8682},{Pos=Vector3.new(-15.272,40.197,6.969),Vel=Vector3.new(39.249,0.000,7.705),Move=Vector3.new(0.981,0,0.193),Jump=false,CFrame=CFrame.new(-25.841,44.287,5.111,-0.171991,0.254365,-0.951692,0.000000,0.966088,0.258212,0.985099,0.044410,-0.166159),FOV=70.00,Time=0.8852},{Pos=Vector3.new(-14.619,40.197,7.105),Vel=Vector3.new(39.145,0.000,8.219),Move=Vector3.new(0.979,0,0.206),Jump=false,CFrame=CFrame.new(-25.170,44.287,5.151,-0.180657,0.253964,-0.950192,0.000000,0.966088,0.258212,0.983546,0.046648,-0.174530),FOV=70.00,Time=0.9018},{Pos=Vector3.new(-13.968,40.197,7.248),Vel=Vector3.new(39.070,0.000,8.568),Move=Vector3.new(0.977,0,0.215),Jump=false,CFrame=CFrame.new(-24.532,44.232,5.285,-0.180657,0.248749,-0.951571,0.000000,0.967490,0.252911,0.983546,0.045690,-0.174783),FOV=70.00,Time=0.9175},{Pos=Vector3.new(-13.317,40.197,7.391),Vel=Vector3.new(39.069,0.000,8.576),Move=Vector3.new(0.977,0,0.215),Jump=false,CFrame=CFrame.new(-23.894,44.181,5.424,-0.180657,0.243951,-0.952812,0.000000,0.968752,0.248032,0.983546,0.044809,-0.175011),FOV=70.00,Time=0.9341},{Pos=Vector3.new(-12.666,40.197,7.534),Vel=Vector3.new(39.069,0.000,8.577),Move=Vector3.new(0.977,0,0.215),Jump=false,CFrame=CFrame.new(-23.251,44.147,5.566,-0.180657,0.240707,-0.953637,0.000000,0.969590,0.244734,0.983546,0.044213,-0.175163),FOV=70.00,Time=0.9500},{Pos=Vector3.new(-12.015,40.197,7.677),Vel=Vector3.new(39.069,0.000,8.578),Move=Vector3.new(0.977,0,0.215),Jump=false,CFrame=CFrame.new(-22.614,44.108,5.729,-0.178510,0.237136,-0.954935,0.000000,0.970523,0.241007,0.983938,0.043022,-0.173249),FOV=70.00,Time=0.9677},{Pos=Vector3.new(-11.363,40.197,7.818),Vel=Vector3.new(39.087,0.000,8.495),Move=Vector3.new(0.977,0,0.212),Jump=false,CFrame=CFrame.new(-21.979,44.065,5.906,-0.174954,0.233203,-0.956560,0.000000,0.971545,0.236856,0.984577,0.041439,-0.169976),FOV=70.00,Time=0.9838},{Pos=Vector3.new(-10.548,40.197,7.993),Vel=Vector3.new(39.118,0.000,8.354),Move=Vector3.new(0.978,0,0.209),Jump=false,CFrame=CFrame.new(-21.350,44.045,6.148,-0.164927,0.231747,-0.958693,0.000000,0.972004,0.234965,0.986306,0.038752,-0.160309),FOV=70.00,Time=1.0045},{Pos=Vector3.new(-10.058,40.197,8.093),Vel=Vector3.new(39.196,0.000,7.976),Move=Vector3.new(0.980,0,0.199),Jump=false,CFrame=CFrame.new(-20.570,44.006,6.481,-0.149171,0.228658,-0.962010,0.000000,0.972895,0.231246,0.988811,0.034495,-0.145128),FOV=70.00,Time=1.0186},{Pos=Vector3.new(-9.239,40.197,8.246),Vel=Vector3.new(39.336,0.000,7.257),Move=Vector3.new(0.983,0,0.181),Jump=false,CFrame=CFrame.new(-20.111,43.975,6.742,-0.133260,0.226150,-0.964934,0.000000,0.973618,0.228186,0.991081,0.030408,-0.129744),FOV=70.00,Time=1.0382},{Pos=Vector3.new(-8.581,40.197,8.354),Vel=Vector3.new(39.497,0.000,6.324),Move=Vector3.new(0.987,0,0.158),Jump=false,CFrame=CFrame.new(-19.321,43.958,7.102,-0.112734,0.225169,-0.967776,0.000000,0.973985,0.226614,0.993625,0.025547,-0.109801),FOV=70.00,Time=1.0557},{Pos=Vector3.new(-7.920,40.197,8.437),Vel=Vector3.new(39.711,0.000,4.793),Move=Vector3.new(0.993,0,0.119),Jump=false,CFrame=CFrame.new(-18.685,43.943,7.389,-0.095070,0.224142,-0.969908,0.000000,0.974321,0.225162,0.995471,0.021406,-0.092629),FOV=70.00,Time=1.0739},{Pos=Vector3.new(-7.256,40.197,8.495),Vel=Vector3.new(39.864,0.000,3.286),Move=Vector3.new(0.997,0,0.081),Jump=false,CFrame=CFrame.new(-18.049,43.918,7.708,-0.071725,0.222220,-0.972355,0.000000,0.974866,0.222794,0.997424,0.015980,-0.069923),FOV=70.00,Time=1.0913},{Pos=Vector3.new(-6.423,40.197,8.533),Vel=Vector3.new(39.966,0.000,1.634),Move=Vector3.new(0.999,0,0.040),Jump=false,CFrame=CFrame.new(-17.400,43.909,7.968,-0.051822,0.221574,-0.973766,0.000000,0.975076,0.221872,0.998656,0.011498,-0.050530),FOV=70.00,Time=1.1102},{Pos=Vector3.new(-5.757,40.197,8.537),Vel=Vector3.new(39.999,0.000,0.037),Move=Vector3.new(1.000,0,-0.000),Jump=false,CFrame=CFrame.new(-16.587,43.875,8.353,-0.017645,0.218618,-0.975651,0.000000,0.975803,0.218652,0.999844,0.003858,-0.017218),FOV=70.00,Time=1.1274},{Pos=Vector3.new(-5.091,40.197,8.508),Vel=Vector3.new(39.948,0.000,-2.003),Move=Vector3.new(0.999,0,-0.051),Jump=false,CFrame=CFrame.new(-15.934,43.821,8.653,0.011423,0.213426,-0.976892,0.000000,0.976956,0.213440,0.999935,-0.002438,0.011160),FOV=70.00,Time=1.1454},{Pos=Vector3.new(-4.261,40.197,8.433),Vel=Vector3.new(39.819,0.000,-3.785),Move=Vector3.new(0.995,0,-0.095),Jump=false,CFrame=CFrame.new(-15.272,43.758,8.961,0.044466,0.207142,-0.977300,0.000000,0.978267,0.207347,0.999011,-0.009220,0.043499),FOV=70.00,Time=1.1638},{Pos=Vector3.new(-3.270,40.197,8.303),Vel=Vector3.new(39.641,0.000,-5.338),Move=Vector3.new(0.991,0,-0.134),Jump=false,CFrame=CFrame.new(-14.440,43.640,9.294,0.084289,0.195411,-0.977093,0.000000,0.980582,0.196109,0.996441,-0.016530,0.082653),FOV=70.00,Time=1.1889},{Pos=Vector3.new(-2.612,40.197,8.191),Vel=Vector3.new(39.400,0.000,-6.888),Move=Vector3.new(0.985,0,-0.173),Jump=false,CFrame=CFrame.new(-13.444,43.608,9.288,0.096358,0.192100,-0.976633,0.000000,0.981199,0.192998,0.995347,-0.018597,0.094546),FOV=70.00,Time=1.2052},{Pos=Vector3.new(-1.957,40.197,8.069),Vel=Vector3.new(39.310,0.000,-7.387),Move=Vector3.new(0.983,0,-0.185),Jump=false,CFrame=CFrame.new(-12.789,43.596,9.172,0.095942,0.190970,-0.976896,0.000000,0.981423,0.191855,0.995387,-0.018407,0.094160),FOV=70.00,Time=1.2234},{Pos=Vector3.new(-1.138,40.197,7.915),Vel=Vector3.new(39.312,0.000,-7.382),Move=Vector3.new(0.983,0,-0.185),Jump=false,CFrame=CFrame.new(-12.139,43.556,9.077,0.098529,0.187135,-0.977380,0.000000,0.982159,0.188050,0.995134,-0.018528,0.096772),FOV=70.00,Time=1.2451},{Pos=Vector3.new(-0.319,40.197,7.759),Vel=Vector3.new(39.293,0.000,-7.484),Move=Vector3.new(0.982,0,-0.187),Jump=false,CFrame=CFrame.new(-11.323,43.547,8.912,0.097444,0.186265,-0.977655,0.000000,0.982330,0.187155,0.995241,-0.018237,0.095722),FOV=70.00,Time=1.2641},{Pos=Vector3.new(0.499,40.197,7.604),Vel=Vector3.new(39.301,0.000,-7.443),Move=Vector3.new(0.983,0,-0.186),Jump=false,CFrame=CFrame.new(-10.504,43.547,8.756,0.097444,0.186265,-0.977655,0.000000,0.982330,0.187155,0.995241,-0.018237,0.095722),FOV=70.00,Time=1.2854},{Pos=Vector3.new(1.154,40.197,7.480),Vel=Vector3.new(39.301,0.000,-7.444),Move=Vector3.new(0.983,0,-0.186),Jump=false,CFrame=CFrame.new(-9.685,43.547,8.601,0.097444,0.186265,-0.977655,0.000000,0.982330,0.187155,0.995241,-0.018237,0.095722),FOV=70.00,Time=1.3004},{Pos=Vector3.new(1.809,40.197,7.356),Vel=Vector3.new(39.301,0.000,-7.444),Move=Vector3.new(0.983,0,-0.186),Jump=false,CFrame=CFrame.new(-9.030,43.547,8.477,0.097444,0.186265,-0.977655,0.000000,0.982330,0.187155,0.995241,-0.018237,0.095722),FOV=70.00,Time=1.3165},{Pos=Vector3.new(2.464,40.197,7.232),Vel=Vector3.new(39.301,0.000,-7.445),Move=Vector3.new(0.983,0,-0.186),Jump=false,CFrame=CFrame.new(-8.375,43.547,8.353,0.097444,0.186265,-0.977655,0.000000,0.982330,0.187155,0.995241,-0.018237,0.095722),FOV=70.00,Time=1.3338},{Pos=Vector3.new(3.119,40.197,7.108),Vel=Vector3.new(39.301,0.000,-7.445),Move=Vector3.new(0.983,0,-0.186),Jump=false,CFrame=CFrame.new(-7.720,43.547,8.229,0.097444,0.186265,-0.977655,0.000000,0.982330,0.187155,0.995241,-0.018237,0.095722),FOV=70.00,Time=1.3508},{Pos=Vector3.new(3.774,40.197,6.983),Vel=Vector3.new(39.301,0.000,-7.446),Move=Vector3.new(0.983,0,-0.186),Jump=false,CFrame=CFrame.new(-7.078,43.550,8.106,0.097444,0.186265,-0.977655,0.000000,0.982330,0.187155,0.995241,-0.018237,0.095722),FOV=70.00,Time=1.3675},{Pos=Vector3.new(4.429,40.197,6.859),Vel=Vector3.new(39.300,0.000,-7.451),Move=Vector3.new(0.982,0,-0.186),Jump=false,CFrame=CFrame.new(-6.506,43.566,7.990,0.097444,0.186265,-0.977655,0.000000,0.982330,0.187155,0.995241,-0.018237,0.095722),FOV=70.00,Time=1.3839},{Pos=Vector3.new(5.084,40.197,6.735),Vel=Vector3.new(39.298,0.000,-7.459),Move=Vector3.new(0.982,0,-0.187),Jump=false,CFrame=CFrame.new(-6.055,43.605,7.886,0.097444,0.186265,-0.977655,0.000000,0.982330,0.187155,0.995241,-0.018237,0.095722),FOV=70.00,Time=1.4014},{Pos=Vector3.new(5.739,40.197,6.611),Vel=Vector3.new(39.304,0.000,-7.431),Move=Vector3.new(0.983,0,-0.186),Jump=false,CFrame=CFrame.new(-5.730,43.668,7.794,0.097444,0.186265,-0.977655,0.000000,0.982330,0.187155,0.995241,-0.018237,0.095722),FOV=70.00,Time=1.4185},{Pos=Vector3.new(6.395,40.197,6.488),Vel=Vector3.new(39.312,0.000,-7.387),Move=Vector3.new(0.983,0,-0.185),Jump=false,CFrame=CFrame.new(-5.420,43.734,7.703,0.097444,0.186265,-0.977655,0.000000,0.982330,0.187155,0.995241,-0.018237,0.095722),FOV=70.00,Time=1.4351},{Pos=Vector3.new(7.050,40.197,6.365),Vel=Vector3.new(39.323,0.000,-7.326),Move=Vector3.new(0.983,0,-0.183),Jump=false,CFrame=CFrame.new(-5.063,43.791,7.610,0.097444,0.186265,-0.977655,0.000000,0.982330,0.187155,0.995241,-0.018237,0.095722),FOV=70.00,Time=1.4504},{Pos=Vector3.new(7.706,40.197,6.246),Vel=Vector3.new(39.360,0.000,-7.127),Move=Vector3.new(0.984,0,-0.178),Jump=false,CFrame=CFrame.new(-4.633,43.834,7.509,0.097444,0.186265,-0.977655,0.000000,0.982330,0.187155,0.995241,-0.018237,0.095722),FOV=70.00,Time=1.4695},{Pos=Vector3.new(8.854,40.197,6.038),Vel=Vector3.new(39.361,0.000,-7.123),Move=Vector3.new(0.984,0,-0.178),Jump=false,CFrame=CFrame.new(-4.205,43.878,7.412,0.097444,0.186265,-0.977655,0.000000,0.982330,0.187155,0.995241,-0.018237,0.095722),FOV=70.00,Time=1.5046},{Pos=Vector3.new(9.838,40.197,5.860),Vel=Vector3.new(39.361,0.000,-7.123),Move=Vector3.new(0.984,0,-0.178),Jump=false,CFrame=CFrame.new(-3.298,43.924,7.228,0.097444,0.186265,-0.977655,0.000000,0.982330,0.187155,0.995241,-0.018237,0.095722),FOV=70.00,Time=1.5251},{Pos=Vector3.new(10.658,40.197,5.714),Vel=Vector3.new(39.378,0.000,-7.026),Move=Vector3.new(0.984,0,-0.176),Jump=false,CFrame=CFrame.new(-2.381,43.937,7.057,0.097444,0.186265,-0.977655,0.000000,0.982330,0.187155,0.995241,-0.018237,0.095722),FOV=70.00,Time=1.5486},{Pos=Vector3.new(11.971,40.197,5.481),Vel=Vector3.new(39.388,0.000,-6.972),Move=Vector3.new(0.985,0,-0.174),Jump=false,CFrame=CFrame.new(-1.633,43.947,6.727,0.082166,0.186522,-0.979009,0.000000,0.982330,0.187155,0.996619,-0.015378,0.080714),FOV=70.00,Time=1.5815},{Pos=Vector3.new(12.959,40.197,5.328),Vel=Vector3.new(39.539,0.000,-6.058),Move=Vector3.new(0.988,0,-0.151),Jump=false,CFrame=CFrame.new(-0.375,43.955,6.320,0.067770,0.186725,-0.980072,0.000000,0.982330,0.187155,0.997701,-0.012684,0.066573),FOV=70.00,Time=1.6040},{Pos=Vector3.new(13.951,40.197,5.202),Vel=Vector3.new(39.699,0.000,-4.901),Move=Vector3.new(0.992,0,-0.122),Jump=false,CFrame=CFrame.new(0.586,43.958,5.960,0.051020,0.186912,-0.981051,0.000000,0.982330,0.187155,0.998698,-0.009549,0.050119),FOV=70.00,Time=1.6255},{Pos=Vector3.new(14.781,40.197,5.124),Vel=Vector3.new(39.838,0.000,-3.588),Move=Vector3.new(0.996,0,-0.089),Jump=false,CFrame=CFrame.new(1.567,44.010,5.484,0.022738,0.191088,-0.981310,0.000000,0.981563,0.191137,0.999741,-0.004346,0.022319),FOV=70.00,Time=1.6463},{Pos=Vector3.new(15.446,40.197,5.084),Vel=Vector3.new(39.934,0.000,-2.277),Move=Vector3.new(0.998,0,-0.056),Jump=false,CFrame=CFrame.new(2.405,44.095,5.166,0.003336,0.197820,-0.980233,0.000000,0.980238,0.197821,0.999994,-0.000660,0.003270),FOV=70.00,Time=1.6625},{Pos=Vector3.new(16.112,40.197,5.059),Vel=Vector3.new(39.976,0.000,-1.382),Move=Vector3.new(0.999,0,-0.034),Jump=false,CFrame=CFrame.new(3.080,44.152,5.005,-0.006405,0.202260,-0.979311,0.000000,0.979331,0.202264,0.999979,0.001296,-0.006273),FOV=70.00,Time=1.6787},{Pos=Vector3.new(16.612,40.197,5.046),Vel=Vector3.new(39.988,0.000,-0.979),Move=Vector3.new(1.000,0,-0.024),Jump=false,CFrame=CFrame.new(3.752,44.187,4.926,-0.010743,0.205002,-0.978703,0.000000,0.978759,0.205014,0.999942,0.002202,-0.010515),FOV=70.00,Time=1.6951},{Pos=Vector3.new(17.112,40.197,5.036),Vel=Vector3.new(39.992,0.000,-0.793),Move=Vector3.new(1.000,0,-0.019),Jump=false,CFrame=CFrame.new(4.254,44.202,4.904,-0.011484,0.206179,-0.978447,0.000000,0.978511,0.206192,0.999934,0.002368,-0.011237),FOV=70.00,Time=1.7084},{Pos=Vector3.new(18.279,40.197,5.014),Vel=Vector3.new(39.993,0.000,-0.753),Move=Vector3.new(1.000,0,-0.019),Jump=false,CFrame=CFrame.new(5.253,44.202,4.884,-0.011484,0.206179,-0.978447,0.000000,0.978511,0.206192,0.999934,0.002368,-0.011237),FOV=70.00,Time=1.7329},{Pos=Vector3.new(18.945,40.197,5.001),Vel=Vector3.new(39.993,0.000,-0.752),Move=Vector3.new(1.000,0,-0.019),Jump=false,CFrame=CFrame.new(5.919,44.202,4.872,-0.011484,0.206179,-0.978447,0.000000,0.978511,0.206192,0.999934,0.002368,-0.011237),FOV=70.00,Time=1.7497},{Pos=Vector3.new(19.612,40.197,4.989),Vel=Vector3.new(39.993,0.000,-0.752),Move=Vector3.new(1.000,0,-0.019),Jump=false,CFrame=CFrame.new(6.585,44.202,4.859,-0.011484,0.206179,-0.978447,0.000000,0.978511,0.206192,0.999934,0.002368,-0.011237),FOV=70.00,Time=1.7662},{Pos=Vector3.new(20.278,40.197,4.976),Vel=Vector3.new(39.993,0.000,-0.751),Move=Vector3.new(1.000,0,-0.019),Jump=false,CFrame=CFrame.new(7.255,44.217,4.847,-0.011484,0.207356,-0.978198,0.000000,0.978263,0.207369,0.999934,0.002381,-0.011235),FOV=70.00,Time=1.7831},{Pos=Vector3.new(20.945,40.197,4.964),Vel=Vector3.new(39.993,0.000,-0.751),Move=Vector3.new(1.000,0,-0.019),Jump=false,CFrame=CFrame.new(7.927,44.242,4.834,-0.011484,0.209294,-0.977785,0.000000,0.977850,0.209307,0.999934,0.002404,-0.011230),FOV=70.00,Time=1.7997},{Pos=Vector3.new(21.611,40.197,4.951),Vel=Vector3.new(39.993,0.000,-0.751),Move=Vector3.new(1.000,0,-0.019),Jump=false,CFrame=CFrame.new(8.594,44.247,4.822,-0.011484,0.209706,-0.977697,0.000000,0.977761,0.209720,0.999934,0.002408,-0.011229),FOV=70.00,Time=1.8161},{Pos=Vector3.new(22.278,40.197,4.939),Vel=Vector3.new(39.993,0.000,-0.750),Move=Vector3.new(1.000,0,-0.019),Jump=false,CFrame=CFrame.new(9.261,44.247,4.810,-0.011484,0.209706,-0.977697,0.000000,0.977761,0.209720,0.999934,0.002408,-0.011229),FOV=70.00,Time=1.8332},{Pos=Vector3.new(22.944,40.197,4.926),Vel=Vector3.new(39.993,0.000,-0.750),Move=Vector3.new(1.000,0,-0.019),Jump=false,CFrame=CFrame.new(9.927,44.247,4.797,-0.011484,0.209706,-0.977697,0.000000,0.977761,0.209720,0.999934,0.002408,-0.011229),FOV=70.00,Time=1.8500},{Pos=Vector3.new(23.611,40.197,4.914),Vel=Vector3.new(39.993,0.000,-0.750),Move=Vector3.new(1.000,0,-0.019),Jump=false,CFrame=CFrame.new(10.594,44.247,4.785,-0.011484,0.209706,-0.977697,0.000000,0.977761,0.209720,0.999934,0.002408,-0.011229),FOV=70.00,Time=1.8668},{Pos=Vector3.new(24.278,40.197,4.901),Vel=Vector3.new(39.993,0.000,-0.750),Move=Vector3.new(1.000,0,-0.019),Jump=false,CFrame=CFrame.new(11.260,44.247,4.772,-0.011484,0.209706,-0.977697,0.000000,0.977761,0.209720,0.999934,0.002408,-0.011229),FOV=70.00,Time=1.8836},{Pos=Vector3.new(24.944,40.197,4.889),Vel=Vector3.new(39.993,0.000,-0.750),Move=Vector3.new(1.000,0,-0.019),Jump=false,CFrame=CFrame.new(11.927,44.247,4.760,-0.011484,0.209706,-0.977697,0.000000,0.977761,0.209720,0.999934,0.002408,-0.011229),FOV=70.00,Time=1.8996},{Pos=Vector3.new(25.611,40.197,4.876),Vel=Vector3.new(39.993,0.000,-0.750),Move=Vector3.new(1.000,0,-0.019),Jump=false,CFrame=CFrame.new(12.593,44.247,4.747,-0.011484,0.209706,-0.977697,0.000000,0.977761,0.209720,0.999934,0.002408,-0.011229),FOV=70.00,Time=1.9177},{Pos=Vector3.new(26.277,40.197,4.864),Vel=Vector3.new(39.993,0.000,-0.750),Move=Vector3.new(1.000,0,-0.019),Jump=false,CFrame=CFrame.new(13.260,44.247,4.735,-0.011484,0.209706,-0.977697,0.000000,0.977761,0.209720,0.999934,0.002408,-0.011229),FOV=70.00,Time=1.9336},{Pos=Vector3.new(26.944,40.197,4.852),Vel=Vector3.new(39.993,0.000,-0.749),Move=Vector3.new(1.000,0,-0.019),Jump=false,CFrame=CFrame.new(13.926,44.247,4.722,-0.011484,0.209706,-0.977697,0.000000,0.977761,0.209720,0.999934,0.002408,-0.011229),FOV=70.00,Time=1.9512},{Pos=Vector3.new(27.610,40.197,4.839),Vel=Vector3.new(39.993,0.000,-0.749),Move=Vector3.new(1.000,0,-0.019),Jump=false,CFrame=CFrame.new(14.593,44.247,4.710,-0.011484,0.209706,-0.977697,0.000000,0.977761,0.209720,0.999934,0.002408,-0.011229),FOV=70.00,Time=1.9678},{Pos=Vector3.new(28.277,40.197,4.827),Vel=Vector3.new(39.993,0.000,-0.749),Move=Vector3.new(1.000,0,-0.019),Jump=false,CFrame=CFrame.new(15.260,44.247,4.697,-0.011484,0.209706,-0.977697,0.000000,0.977761,0.209720,0.999934,0.002408,-0.011229),FOV=70.00,Time=1.9843},{Pos=Vector3.new(28.943,40.197,4.814),Vel=Vector3.new(39.993,0.000,-0.749),Move=Vector3.new(1.000,0,-0.019),Jump=false,CFrame=CFrame.new(15.926,44.247,4.685,-0.011484,0.209706,-0.977697,0.000000,0.977761,0.209720,0.999934,0.002408,-0.011229),FOV=70.00,Time=2.0010},{Pos=Vector3.new(29.610,40.197,4.802),Vel=Vector3.new(39.993,0.000,-0.749),Move=Vector3.new(1.000,0,-0.019),Jump=false,CFrame=CFrame.new(16.593,44.247,4.672,-0.011484,0.209706,-0.977697,0.000000,0.977761,0.209720,0.999934,0.002408,-0.011229),FOV=70.00,Time=2.0171},{Pos=Vector3.new(30.277,40.197,4.789),Vel=Vector3.new(39.993,0.000,-0.749),Move=Vector3.new(1.000,0,-0.019),Jump=false,CFrame=CFrame.new(17.259,44.247,4.660,-0.011484,0.209706,-0.977697,0.000000,0.977761,0.209720,0.999934,0.002408,-0.011229),FOV=70.00,Time=2.0335},{Pos=Vector3.new(30.943,40.197,4.787),Vel=Vector3.new(40.000,0.000,-0.009),Move=Vector3.new(1.000,0,0.000),Jump=false,CFrame=CFrame.new(17.926,44.247,4.647,-0.011484,0.209706,-0.977697,0.000000,0.977761,0.209720,0.999934,0.002408,-0.011229),FOV=70.00,Time=2.0517},{Pos=Vector3.new(31.610,40.197,4.791),Vel=Vector3.new(39.999,0.000,0.253),Move=Vector3.new(1.000,0,0.006),Jump=false,CFrame=CFrame.new(18.592,44.247,4.646,-0.011484,0.209706,-0.977697,0.000000,0.977761,0.209720,0.999934,0.002408,-0.011229),FOV=70.00,Time=2.0683},{Pos=Vector3.new(32.276,40.197,4.799),Vel=Vector3.new(39.996,0.000,0.534),Move=Vector3.new(1.000,0,0.014),Jump=false,CFrame=CFrame.new(19.259,44.247,4.649,-0.011484,0.209706,-0.977697,0.000000,0.977761,0.209720,0.999934,0.002408,-0.011229),FOV=70.00,Time=2.0845},{Pos=Vector3.new(32.943,40.197,4.813),Vel=Vector3.new(39.991,0.000,0.829),Move=Vector3.new(1.000,0,0.021),Jump=false,CFrame=CFrame.new(19.926,44.247,4.657,-0.011484,0.209706,-0.977697,0.000000,0.977761,0.209720,0.999934,0.002408,-0.011229),FOV=70.00,Time=2.1010},{Pos=Vector3.new(33.609,40.197,4.829),Vel=Vector3.new(39.988,0.000,0.980),Move=Vector3.new(1.000,0,0.025),Jump=false,CFrame=CFrame.new(20.592,44.247,4.671,-0.011484,0.209706,-0.977697,0.000000,0.977761,0.209720,0.999934,0.002408,-0.011229),FOV=70.00,Time=2.1170},{Pos=Vector3.new(34.276,40.197,4.845),Vel=Vector3.new(39.987,0.000,1.002),Move=Vector3.new(1.000,0,0.025),Jump=false,CFrame=CFrame.new(21.259,44.247,4.687,-0.011484,0.209706,-0.977697,0.000000,0.977761,0.209720,0.999934,0.002408,-0.011229),FOV=70.00,Time=2.1332},{Pos=Vector3.new(34.942,40.197,4.862),Vel=Vector3.new(39.987,0.000,1.002),Move=Vector3.new(1.000,0,0.025),Jump=false,CFrame=CFrame.new(21.925,44.247,4.703,-0.011484,0.209706,-0.977697,0.000000,0.977761,0.209720,0.999934,0.002408,-0.011229),FOV=70.00,Time=2.1497},{Pos=Vector3.new(35.609,40.197,4.879),Vel=Vector3.new(39.987,0.000,1.002),Move=Vector3.new(1.000,0,0.025),Jump=false,CFrame=CFrame.new(22.592,44.247,4.720,-0.011484,0.209706,-0.977697,0.000000,0.977761,0.209720,0.999934,0.002408,-0.011229),FOV=70.00,Time=2.1665},{Pos=Vector3.new(36.275,40.197,4.895),Vel=Vector3.new(39.987,0.000,1.003),Move=Vector3.new(1.000,0,0.025),Jump=false,CFrame=CFrame.new(23.278,44.339,4.737,-0.011484,0.216978,-0.976109,0.000000,0.976173,0.216993,0.999934,0.002492,-0.011211),FOV=70.00,Time=2.1854},{Pos=Vector3.new(36.942,40.197,4.912),Vel=Vector3.new(39.987,0.000,1.003),Move=Vector3.new(1.000,0,0.025),Jump=false,CFrame=CFrame.new(23.969,44.447,4.754,-0.011484,0.225590,-0.974155,0.000000,0.974219,0.225605,0.999934,0.002591,-0.011188),FOV=70.00,Time=2.2009},{Pos=Vector3.new(37.608,40.197,4.929),Vel=Vector3.new(39.987,0.000,1.003),Move=Vector3.new(1.000,0,0.025),Jump=false,CFrame=CFrame.new(24.650,44.507,4.771,-0.011484,0.230269,-0.973059,0.000000,0.973123,0.230284,0.999934,0.002645,-0.011176),FOV=70.00,Time=2.2179},{Pos=Vector3.new(38.275,40.197,4.946),Vel=Vector3.new(39.987,0.000,1.003),Move=Vector3.new(1.000,0,0.025),Jump=false,CFrame=CFrame.new(25.328,44.555,4.788,-0.011484,0.234119,-0.972140,0.000000,0.972204,0.234134,0.999934,0.002689,-0.011165),FOV=70.00,Time=2.2340},{Pos=Vector3.new(38.941,40.197,4.962),Vel=Vector3.new(39.987,0.000,1.003),Move=Vector3.new(1.000,0,0.025),Jump=false,CFrame=CFrame.new(25.994,44.555,4.805,-0.011484,0.234119,-0.972140,0.000000,0.972204,0.234134,0.999934,0.002689,-0.011165),FOV=70.00,Time=2.2494},{Pos=Vector3.new(39.608,40.197,4.979),Vel=Vector3.new(39.987,0.000,1.003),Move=Vector3.new(1.000,0,0.025),Jump=false,CFrame=CFrame.new(26.661,44.555,4.821,-0.011484,0.234119,-0.972140,0.000000,0.972204,0.234134,0.999934,0.002689,-0.011165),FOV=70.00,Time=2.2660},{Pos=Vector3.new(40.274,40.197,4.996),Vel=Vector3.new(39.987,0.000,1.003),Move=Vector3.new(1.000,0,0.025),Jump=false,CFrame=CFrame.new(27.332,44.574,4.838,-0.011484,0.235645,-0.971771,0.000000,0.971835,0.235661,0.999934,0.002706,-0.011161),FOV=70.00,Time=2.2834},{Pos=Vector3.new(40.940,40.197,5.012),Vel=Vector3.new(39.987,0.000,1.003),Move=Vector3.new(1.000,0,0.025),Jump=false,CFrame=CFrame.new(27.998,44.574,4.855,-0.011484,0.235645,-0.971771,0.000000,0.971835,0.235661,0.999934,0.002706,-0.011161),FOV=70.00,Time=2.2990},{Pos=Vector3.new(41.607,40.197,5.029),Vel=Vector3.new(39.987,0.000,1.003),Move=Vector3.new(1.000,0,0.025),Jump=false,CFrame=CFrame.new(28.665,44.574,4.871,-0.011484,0.235645,-0.971771,0.000000,0.971835,0.235661,0.999934,0.002706,-0.011161),FOV=70.00,Time=2.3159},{Pos=Vector3.new(42.273,40.197,5.046),Vel=Vector3.new(39.987,0.000,1.003),Move=Vector3.new(1.000,0,0.025),Jump=false,CFrame=CFrame.new(29.331,44.574,4.888,-0.011484,0.235645,-0.971771,0.000000,0.971835,0.235661,0.999934,0.002706,-0.011161),FOV=70.00,Time=2.3331},{Pos=Vector3.new(42.940,40.197,5.063),Vel=Vector3.new(39.987,0.000,1.000),Move=Vector3.new(1.000,0,0.025),Jump=false,CFrame=CFrame.new(29.997,44.574,4.905,-0.011484,0.235645,-0.971771,0.000000,0.971835,0.235661,0.999934,0.002706,-0.011161),FOV=70.00,Time=2.3503},{Pos=Vector3.new(43.606,40.197,5.079),Vel=Vector3.new(39.988,0.000,0.998),Move=Vector3.new(1.000,0,0.025),Jump=false,CFrame=CFrame.new(30.664,44.574,4.922,-0.011484,0.235645,-0.971771,0.000000,0.971835,0.235661,0.999934,0.002706,-0.011161),FOV=70.00,Time=2.3667},{Pos=Vector3.new(44.273,40.197,5.096),Vel=Vector3.new(39.988,0.000,0.996),Move=Vector3.new(1.000,0,0.025),Jump=false,CFrame=CFrame.new(31.330,44.574,4.938,-0.011484,0.235645,-0.971771,0.000000,0.971835,0.235661,0.999934,0.002706,-0.011161),FOV=70.00,Time=2.3827},{Pos=Vector3.new(44.939,40.197,5.112),Vel=Vector3.new(39.988,0.000,0.996),Move=Vector3.new(1.000,0,0.025),Jump=false,CFrame=CFrame.new(31.997,44.574,4.955,-0.011484,0.235645,-0.971771,0.000000,0.971835,0.235661,0.999934,0.002706,-0.011161),FOV=70.00,Time=2.3995},{Pos=Vector3.new(45.606,40.197,5.129),Vel=Vector3.new(39.988,0.000,0.996),Move=Vector3.new(1.000,0,0.025),Jump=false,CFrame=CFrame.new(32.663,44.574,4.971,-0.011484,0.235645,-0.971771,0.000000,0.971835,0.235661,0.999934,0.002706,-0.011161),FOV=70.00,Time=2.4157},{Pos=Vector3.new(46.272,40.197,5.146),Vel=Vector3.new(39.988,0.000,0.996),Move=Vector3.new(1.000,0,0.025),Jump=false,CFrame=CFrame.new(33.330,44.574,4.988,-0.011484,0.235645,-0.971771,0.000000,0.971835,0.235661,0.999934,0.002706,-0.011161),FOV=70.00,Time=2.4332},{Pos=Vector3.new(46.939,40.197,5.162),Vel=Vector3.new(39.988,0.000,0.996),Move=Vector3.new(1.000,0,0.025),Jump=false,CFrame=CFrame.new(33.996,44.574,5.005,-0.011484,0.235645,-0.971771,0.000000,0.971835,0.235661,0.999934,0.002706,-0.011161),FOV=70.00,Time=2.4498},{Pos=Vector3.new(47.605,40.197,5.179),Vel=Vector3.new(39.988,0.000,0.996),Move=Vector3.new(1.000,0,0.025),Jump=false,CFrame=CFrame.new(34.663,44.574,5.021,-0.011484,0.235645,-0.971771,0.000000,0.971835,0.235661,0.999934,0.002706,-0.011161),FOV=70.00,Time=2.4664},{Pos=Vector3.new(48.272,40.197,5.195),Vel=Vector3.new(39.988,0.000,0.996),Move=Vector3.new(1.000,0,0.025),Jump=false,CFrame=CFrame.new(35.329,44.574,5.038,-0.011484,0.235645,-0.971771,0.000000,0.971835,0.235661,0.999934,0.002706,-0.011161),FOV=70.00,Time=2.4832},{Pos=Vector3.new(48.938,40.197,5.212),Vel=Vector3.new(39.988,0.000,0.993),Move=Vector3.new(1.000,0,0.025),Jump=false,CFrame=CFrame.new(35.996,44.574,5.054,-0.011484,0.235645,-0.971771,0.000000,0.971835,0.235661,0.999934,0.002706,-0.011161),FOV=70.00,Time=2.5014},{Pos=Vector3.new(49.604,40.197,5.229),Vel=Vector3.new(39.988,0.000,0.991),Move=Vector3.new(1.000,0,0.025),Jump=false,CFrame=CFrame.new(36.662,44.574,5.071,-0.011484,0.235645,-0.971771,0.000000,0.971835,0.235661,0.999934,0.002706,-0.011161),FOV=70.00,Time=2.5193},{Pos=Vector3.new(50.271,40.197,5.245),Vel=Vector3.new(39.988,0.000,0.989),Move=Vector3.new(1.000,0,0.025),Jump=false,CFrame=CFrame.new(37.329,44.574,5.088,-0.011484,0.235645,-0.971771,0.000000,0.971835,0.235661,0.999934,0.002706,-0.011161),FOV=70.00,Time=2.5362},{Pos=Vector3.new(50.937,40.197,5.261),Vel=Vector3.new(39.988,0.000,0.987),Move=Vector3.new(1.000,0,0.025),Jump=false,CFrame=CFrame.new(37.995,44.574,5.104,-0.011484,0.235645,-0.971771,0.000000,0.971835,0.235661,0.999934,0.002706,-0.011161),FOV=70.00,Time=2.5533},{Pos=Vector3.new(51.604,40.197,5.278),Vel=Vector3.new(39.988,0.000,0.987),Move=Vector3.new(1.000,0,0.025),Jump=false,CFrame=CFrame.new(38.661,44.574,5.120,-0.011484,0.235645,-0.971771,0.000000,0.971835,0.235661,0.999934,0.002706,-0.011161),FOV=70.00,Time=2.5678},{Pos=Vector3.new(52.270,40.197,5.294),Vel=Vector3.new(39.988,0.000,0.987),Move=Vector3.new(1.000,0,0.025),Jump=false,CFrame=CFrame.new(39.328,44.574,5.137,-0.011484,0.235645,-0.971771,0.000000,0.971835,0.235661,0.999934,0.002706,-0.011161),FOV=70.00,Time=2.5833},{Pos=Vector3.new(52.937,40.197,