local RunService = game:GetService("RunService")
local Players = game:GetService("Players")
local lp = Players.LocalPlayer
local cam = workspace.CurrentCamera
local char = lp.Character or lp.CharacterAdded:Wait()
local hrp = char:WaitForChild("HumanoidRootPart")
local hum = char:WaitForChild("Humanoid")
hum.AutoRotate = false
cam.CameraType = Enum.CameraType.Scriptable
local frames = {
{Pos=Vector3.new(-62.461,51.700,-893.816),Vel=Vector3.new(-0.000,0.000,-0.000),Move=Vector3.new(0.000,0,0.000),CFrame=CFrame.new(-64.907,65.649,-921.897,-0.996225,0.035304,-0.079300,0.000000,0.913557,0.406711,0.086804,0.405176,-0.910109),FOV=70.00,Time=0.0000},
{Pos=Vector3.new(-62.461,51.700,-893.816),Vel=Vector3.new(-0.000,0.000,-0.000),Move=Vector3.new(0.000,0,0.000),CFrame=CFrame.new(-64.907,65.649,-921.897,-0.996225,0.035304,-0.079300,0.000000,0.913557,0.406711,0.086804,0.405176,-0.910109),FOV=70.00,Time=0.0346},
{Pos=Vector3.new(-62.461,51.700,-893.816),Vel=Vector3.new(-0.000,0.000,-0.000),Move=Vector3.new(0.000,0,0.000),CFrame=CFrame.new(-64.907,65.649,-921.897,-0.996225,0.035304,-0.079300,0.000000,0.913557,0.406711,0.086804,0.405176,-0.910109),FOV=70.00,Time=0.0672},
{Pos=Vector3.new(-62.461,51.700,-893.816),Vel=Vector3.new(0.000,0.000,0.000),Move=Vector3.new(0.000,0,0.000),CFrame=CFrame.new(-64.907,65.649,-921.897,-0.996225,0.035304,-0.079300,0.000000,0.913557,0.406711,0.086804,0.405176,-0.910109),FOV=70.00,Time=0.1031},
{Pos=Vector3.new(-62.461,51.700,-893.816),Vel=Vector3.new(0.000,0.000,0.000),Move=Vector3.new(0.000,0,0.000),CFrame=CFrame.new(-64.907,65.649,-921.897,-0.996225,0.035304,-0.079300,0.000000,0.913557,0.406711,0.086804,0.405176,-0.910109),FOV=70.00,Time=0.1365},
{Pos=Vector3.new(-62.461,51.700,-893.816),Vel=Vector3.new(-0.000,0.000,-0.000),Move=Vector3.new(0.000,0,0.000),CFrame=CFrame.new(-64.907,65.649,-921.897,-0.996225,0.035304,-0.079300,0.000000,0.913557,0.406711,0.086804,0.405176,-0.910109),FOV=70.00,Time=0.1887},
{Pos=Vector3.new(-62.461,51.700,-893.816),Vel=Vector3.new(-0.000,0.000,-0.000),Move=Vector3.new(0.000,0,0.000),CFrame=CFrame.new(-64.907,65.649,-921.897,-0.996225,0.035304,-0.079300,0.000000,0.913557,0.406711,0.086804,0.405176,-0.910109),FOV=70.00,Time=0.2057},
{Pos=Vector3.new(-62.461,51.700,-893.816),Vel=Vector3.new(-0.000,0.000,-0.000),Move=Vector3.new(0.000,0,0.000),CFrame=CFrame.new(-64.907,65.649,-921.897,-0.996225,0.035304,-0.079300,0.000000,0.913557,0.406711,0.086804,0.405176,-0.910109),FOV=70.00,Time=0.2390},
{Pos=Vector3.new(-62.461,51.700,-893.816),Vel=Vector3.new(-0.000,0.000,-0.000),Move=Vector3.new(0.000,0,0.000),CFrame=CFrame.new(-64.907,65.649,-921.897,-0.996225,0.035304,-0.079300,0.000000,0.913557,0.406711,0.086804,0.405176,-0.910109),FOV=70.00,Time=0.2739},
{Pos=Vector3.new(-62.461,51.700,-893.816),Vel=Vector3.new(-0.000,0.000,-0.000),Move=Vector3.new(0.000,0,0.000),CFrame=CFrame.new(-64.907,65.649,-921.897,-0.996225,0.035304,-0.079300,0.000000,0.913557,0.406711,0.086804,0.405176,-0.910109),FOV=70.00,Time=0.3092},
{Pos=Vector3.new(-62.461,51.700,-893.816),Vel=Vector3.new(-0.000,0.000,-0.000),Move=Vector3.new(0.000,0,0.000),CFrame=CFrame.new(-64.907,65.649,-921.897,-0.996225,0.035304,-0.079300,0.000000,0.913557,0.406711,0.086804,0.405176,-0.910109),FOV=70.00,Time=0.3434},
{Pos=Vector3.new(-62.461,51.700,-893.816),Vel=Vector3.new(0.000,0.000,0.000),Move=Vector3.new(0.000,0,0.000),CFrame=CFrame.new(-64.907,65.649,-921.897,-0.996225,0.035304,-0.079300,0.000000,0.913557,0.406711,0.086804,0.405176,-0.910109),FOV=70.00,Time=0.3779},
{Pos=Vector3.new(-62.461,51.700,-893.816),Vel=Vector3.new(0.000,0.000,0.000),Move=Vector3.new(0.000,0,0.000),CFrame=CFrame.new(-64.907,65.649,-921.897,-0.996225,0.035304,-0.079300,0.000000,0.913557,0.406711,0.086804,0.405176,-0.910109),FOV=70.00,Time=0.4127},
{Pos=Vector3.new(-62.461,51.700,-893.816),Vel=Vector3.new(-0.000,0.000,-0.000),Move=Vector3.new(0.000,0,0.000),CFrame=CFrame.new(-64.907,65.649,-921.897,-0.996225,0.035304,-0.079300,0.000000,0.913557,0.406711,0.086804,0.405176,-0.910109),FOV=70.00,Time=0.4480},
{Pos=Vector3.new(-62.461,51.700,-893.816),Vel=Vector3.new(-0.000,0.000,-0.000),Move=Vector3.new(0.000,0,0.000),CFrame=CFrame.new(-64.907,65.649,-921.897,-0.996225,0.035304,-0.079300,0.000000,0.913557,0.406711,0.086804,0.405176,-0.910109),FOV=70.00,Time=0.4799},
{Pos=Vector3.new(-62.461,51.700,-893.816),Vel=Vector3.new(-0.000,0.000,-0.000),Move=Vector3.new(0.000,0,0.000),CFrame=CFrame.new(-64.907,65.649,-921.897,-0.996225,0.035304,-0.079300,0.000000,0.913557,0.406711,0.086804,0.405176,-0.910109),FOV=70.00,Time=0.5149},
{Pos=Vector3.new(-62.461,51.700,-893.816),Vel=Vector3.new(-0.000,0.000,-0.000),Move=Vector3.new(0.000,0,0.000),CFrame=CFrame.new(-64.907,65.649,-921.897,-0.996225,0.035304,-0.079300,0.000000,0.913557,0.406711,0.086804,0.405176,-0.910109),FOV=70.00,Time=0.5483},
{Pos=Vector3.new(-62.461,51.700,-893.816),Vel=Vector3.new(0.000,0.000,0.000),Move=Vector3.new(0.000,0,0.000),CFrame=CFrame.new(-64.907,65.649,-921.897,-0.996225,0.035304,-0.079300,0.000000,0.913557,0.406711,0.086804,0.405176,-0.910109),FOV=70.00,Time=0.5806},
{Pos=Vector3.new(-62.461,51.700,-893.816),Vel=Vector3.new(0.000,0.000,0.000),Move=Vector3.new(0.000,0,0.000),CFrame=CFrame.new(-64.907,65.649,-921.897,-0.996225,0.035304,-0.079300,0.000000,0.913557,0.406711,0.086804,0.405176,-0.910109),FOV=70.00,Time=0.6191},
{Pos=Vector3.new(-62.461,51.700,-893.816),Vel=Vector3.new(0.000,0.000,0.000),Move=Vector3.new(0.000,0,0.000),CFrame=CFrame.new(-64.907,65.649,-921.897,-0.996225,0.035304,-0.079300,0.000000,0.913557,0.406711,0.086804,0.405176,-0.910109),FOV=70.00,Time=0.6498},
{Pos=Vector3.new(-62.461,51.700,-893.816),Vel=Vector3.new(-0.000,0.000,-0.000),Move=Vector3.new(0.000,0,0.000),CFrame=CFrame.new(-64.907,65.649,-921.897,-0.996225,0.035304,-0.079300,0.000000,0.913557,0.406711,0.086804,0.405176,-0.910109),FOV=70.00,Time=0.6981},
{Pos=Vector3.new(-62.461,51.700,-893.816),Vel=Vector3.new(-0.000,0.000,-0.000),Move=Vector3.new(0.000,0,0.000),CFrame=CFrame.new(-64.907,65.649,-921.897,-0.996225,0.035304,-0.079300,0.000000,0.913557,0.406711,0.086804,0.405176,-0.910109),FOV=70.00,Time=0.7184},
{Pos=Vector3.new(-62.461,51.700,-893.816),Vel=Vector3.new(-0.000,0.000,-0.000),Move=Vector3.new(0.000,0,0.000),CFrame=CFrame.new(-64.907,65.649,-921.897,-0.996225,0.035304,-0.079300,0.000000,0.913557,0.406711,0.086804,0.405176,-0.910109),FOV=70.00,Time=0.7521},
{Pos=Vector3.new(-62.461,51.700,-893.816),Vel=Vector3.new(0.000,0.000,0.000),Move=Vector3.new(0.000,0,0.000),CFrame=CFrame.new(-64.907,65.649,-921.897,-0.996225,0.035304,-0.079300,0.000000,0.913557,0.406711,0.086804,0.405176,-0.910109),FOV=70.00,Time=0.7863},
{Pos=Vector3.new(-62.461,51.700,-893.816),Vel=Vector3.new(0.000,0.000,0.000),Move=Vector3.new(0.000,0,0.000),CFrame=CFrame.new(-64.907,65.649,-921.897,-0.996225,0.035304,-0.079300,0.000000,0.913557,0.406711,0.086804,0.405176,-0.910109),FOV=70.00,Time=0.8206},
{Pos=Vector3.new(-62.461,51.700,-893.816),Vel=Vector3.new(0.000,0.000,0.000),Move=Vector3.new(0.000,0,0.000),CFrame=CFrame.new(-64.907,65.649,-921.897,-0.996225,0.035304,-0.079300,0.000000,0.913557,0.406711,0.086804,0.405176,-0.910109),FOV=70.00,Time=0.8546},
{Pos=Vector3.new(-62.461,51.700,-893.816),Vel=Vector3.new(0.000,0.000,0.000),Move=Vector3.new(0.000,0,0.000),CFrame=CFrame.new(-64.907,65.649,-921.897,-0.996225,0.035304,-0.079300,0.000000,0.913557,0.406711,0.086804,0.405176,-0.910109),FOV=70.00,Time=0.8874},
{Pos=Vector3.new(-62.461,51.700,-893.816),Vel=Vector3.new(-0.000,0.000,-0.000),Move=Vector3.new(0.000,0,0.000),CFrame=CFrame.new(-64.907,65.649,-921.897,-0.996225,0.035304,-0.079300,0.000000,0.913557,0.406711,0.086804,0.405176,-0.910109),FOV=70.00,Time=0.9217},
{Pos=Vector3.new(-62.461,51.700,-893.816),Vel=Vector3.new(-0.000,0.000,-0.000),Move=Vector3.new(0.000,0,0.000),CFrame=CFrame.new(-64.907,65.649,-921.897,-0.996225,0.035304,-0.079300,0.000000,0.913557,0.406711,0.086804,0.405176,-0.910109),FOV=70.00,Time=0.9589},
{Pos=Vector3.new(-62.461,51.700,-893.816),Vel=Vector3.new(-0.000,0.000,-0.000),Move=Vector3.new(0.000,0,0.000),CFrame=CFrame.new(-64.907,65.649,-921.897,-0.996225,0.035304,-0.079300,0.000000,0.913557,0.406711,0.086804,0.405176,-0.910109),FOV=70.00,Time=0.9904},
{Pos=Vector3.new(-62.461,51.700,-893.816),Vel=Vector3.new(0.000,0.000,0.000),Move=Vector3.new(0.000,0,0.000),CFrame=CFrame.new(-64.907,65.649,-921.897,-0.996225,0.035304,-0.079300,0.000000,0.913557,0.406711,0.086804,0.405176,-0.910109),FOV=70.00,Time=1.0245},
{Pos=Vector3.new(-62.461,51.700,-893.816),Vel=Vector3.new(0.000,0.000,0.000),Move=Vector3.new(0.000,0,0.000),CFrame=CFrame.new(-64.907,65.649,-921.897,-0.996225,0.035304,-0.079300,0.000000,0.913557,0.406711,0.086804,0.405176,-0.910109),FOV=70.00,Time=1.0576},
{Pos=Vector3.new(-62.461,51.700,-893.816),Vel=Vector3.new(0.000,0.000,0.000),Move=Vector3.new(0.000,0,0.000),CFrame=CFrame.new(-64.907,65.649,-921.897,-0.996225,0.035304,-0.079300,0.000000,0.913557,0.406711,0.086804,0.405176,-0.910109),FOV=70.00,Time=1.0925},
{Pos=Vector3.new(-62.461,51.700,-893.816),Vel=Vector3.new(-0.000,0.000,-0.000),Move=Vector3.new(0.000,0,0.000),CFrame=CFrame.new(-64.907,65.649,-921.897,-0.996225,0.035304,-0.079300,0.000000,0.913557,0.406711,0.086804,0.405176,-0.910109),FOV=70.00,Time=1.1260},
{Pos=Vector3.new(-62.461,51.700,-893.816),Vel=Vector3.new(-0.000,0.000,-0.000),Move=Vector3.new(0.000,0,0.000),CFrame=CFrame.new(-64.907,65.649,-921.897,-0.996225,0.035304,-0.079300,0.000000,0.913557,0.406711,0.086804,0.405176,-0.910109),FOV=70.00,Time=1.1602},
{Pos=Vector3.new(-62.461,51.700,-893.816),Vel=Vector3.new(-0.000,0.000,-0.000),Move=Vector3.new(0.000,0,0.000),CFrame=CFrame.new(-64.907,65.649,-921.897,-0.996225,0.035304,-0.079300,0.000000,0.913557,0.406711,0.086804,0.405176,-0.910109),FOV=70.00,Time=1.1966},
{Pos=Vector3.new(-62.461,51.700,-893.816),Vel=Vector3.new(0.000,0.000,0.000),Move=Vector3.new(0.000,0,0.000),CFrame=CFrame.new(-64.907,65.649,-921.897,-0.996225,0.035304,-0.079300,0.000000,0.913557,0.406711,0.086804,0.405176,-0.910109),FOV=70.00,Time=1.2289},
{Pos=Vector3.new(-62.461,51.700,-893.816),Vel=Vector3.new(0.000,0.000,0.000),Move=Vector3.new(0.000,0,0.000),CFrame=CFrame.new(-64.907,65.649,-921.897,-0.996225,0.035304,-0.079300,0.000000,0.913557,0.406711,0.086804,0.405176,-0.910109),FOV=70.00,Time=1.2626},
{Pos=Vector3.new(-62.461,51.700,-893.816),Vel=Vector3.new(0.000,0.000,0.000),Move=Vector3.new(0.000,0,0.000),CFrame=CFrame.new(-64.907,65.649,-921.897,-0.996225,0.035304,-0.079300,0.000000,0.913557,0.406711,0.086804,0.405176,-0.910109),FOV=70.00,Time=1.2972},
{Pos=Vector3.new(-62.461,51.700,-893.816),Vel=Vector3.new(-0.000,0.000,-0.000),Move=Vector3.new(0.000,0,0.000),CFrame=CFrame.new(-64.907,65.649,-921.897,-0.996225,0.035304,-0.079300,0.000000,0.913557,0.406711,0.086804,0.405176,-0.910109),FOV=70.00,Time=1.3312},
{Pos=Vector3.new(-62.461,51.700,-893.816),Vel=Vector3.new(-0.000,0.000,-0.000),Move=Vector3.new(0.000,0,0.000),CFrame=CFrame.new(-64.907,65.649,-921.897,-0.996225,0.035304,-0.079300,0.000000,0.913557,0.406711,0.086804,0.405176,-0.910109),FOV=70.00,Time=1.3650},
{Pos=Vector3.new(-62.461,51.700,-893.816),Vel=Vector3.new(-0.000,0.000,-0.000),Move=Vector3.new(0.000,0,0.000),CFrame=CFrame.new(-64.907,65.649,-921.897,-0.996225,0.035304,-0.079300,0.000000,0.913557,0.406711,0.086804,0.405176,-0.910109),FOV=70.00,Time=1.4002},
{Pos=Vector3.new(-62.461,51.700,-893.816),Vel=Vector3.new(-0.000,0.000,-0.000),Move=Vector3.new(0.000,0,0.000),CFrame=CFrame.new(-64.907,65.649,-921.897,-0.996225,0.035304,-0.079300,0.000000,0.913557,0.406711,0.086804,0.405176,-0.910109),FOV=70.00,Time=1.4336},
{Pos=Vector3.new(-62.461,51.700,-893.816),Vel=Vector3.new(0.000,0.000,0.000),Move=Vector3.new(0.000,0,0.000),CFrame=CFrame.new(-64.907,65.649,-921.897,-0.996225,0.035304,-0.079300,0.000000,0.913557,0.406711,0.086804,0.405176,-0.910109),FOV=70.00,Time=1.4681},
{Pos=Vector3.new(-62.447,51.700,-893.492),Vel=Vector3.new(0.752,0.000,17.287),Move=Vector3.new(0.043,0,0.999),CFrame=CFrame.new(-64.907,65.649,-921.897,-0.996225,0.035304,-0.079300,0.000000,0.913557,0.406711,0.086804,0.405176,-0.910109),FOV=70.00,Time=1.5034},
{Pos=Vector3.new(-62.319,51.700,-892.608),Vel=Vector3.new(6.218,0.000,33.704),Move=Vector3.new(0.201,0,0.980),CFrame=CFrame.new(-64.893,65.649,-921.573,-0.996225,0.035304,-0.079300,0.000000,0.913557,0.406711,0.086804,0.405176,-0.910109),FOV=70.00,Time=1.5371},
{Pos=Vector3.new(-61.988,51.700,-891.347),Vel=Vector3.new(10.605,0.000,38.564),Move=Vector3.new(0.265,0,0.964),CFrame=CFrame.new(-64.766,65.649,-920.689,-0.996225,0.035304,-0.079300,0.000000,0.913557,0.406711,0.086804,0.405176,-0.910109),FOV=70.00,Time=1.5729},
{Pos=Vector3.new(-61.614,51.700,-889.894),Vel=Vector3.new(9.905,0.000,38.755),Move=Vector3.new(0.248,0,0.969),CFrame=CFrame.new(-64.434,65.649,-919.428,-0.996225,0.035304,-0.079300,0.000000,0.913557,0.406711,0.086804,0.405176,-0.910109),FOV=70.00,Time=1.6059},
{Pos=Vector3.new(-61.319,51.700,-888.594),Vel=Vector3.new(8.778,0.000,39.025),Move=Vector3.new(0.219,0,0.976),CFrame=CFrame.new(-64.061,65.649,-917.975,-0.996225,0.035304,-0.079300,0.000000,0.913557,0.406711,0.086804,0.405176,-0.910109),FOV=70.00,Time=1.6398},
{Pos=Vector3.new(-61.068,51.700,-887.284),Vel=Vector3.new(7.441,0.000,39.302),Move=Vector3.new(0.186,0,0.983),CFrame=CFrame.new(-63.766,65.649,-916.675,-0.996225,0.035304,-0.079300,0.000000,0.913557,0.406711,0.086804,0.405176,-0.910109),FOV=70.00,Time=1.6738},
{Pos=Vector3.new(-60.871,51.700,-885.966),Vel=Vector3.new(5.758,0.000,39.583),Move=Vector3.new(0.144,0,0.990),CFrame=CFrame.new(-63.514,65.649,-915.366,-0.996225,0.035304,-0.079300,0.000000,0.913557,0.406711,0.086804,0.405176,-0.910109),FOV=70.00,Time=1.7082},
{Pos=Vector3.new(-60.737,51.700,-884.639),Vel=Vector3.new(3.890,0.000,39.810),Move=Vector3.new(0.097,0,0.995),CFrame=CFrame.new(-63.318,65.649,-914.047,-0.996225,0.035304,-0.079300,0.000000,0.913557,0.406711,0.086804,0.405176,-0.910109),FOV=70.00,Time=1.7412},
{Pos=Vector3.new(-60.653,51.700,-883.308),Vel=Vector3.new(2.423,0.000,39.927),Move=Vector3.new(0.061,0,0.998),CFrame=CFrame.new(-63.184,65.649,-912.720,-0.996225,0.035304,-0.079300,0.000000,0.913557,0.406711,0.086804,0.405176,-0.910109),FOV=70.00,Time=1.7747},
{Pos=Vector3.new(-60.613,51.700,-881.809),Vel=Vector3.new(0.954,0.000,39.989),Move=Vector3.new(0.024,0,1.000),CFrame=CFrame.new(-63.100,65.649,-911.390,-0.996225,0.035304,-0.079300,0.000000,0.913557,0.406711,0.086804,0.405176,-0.910109),FOV=70.00,Time=1.8103},
{Pos=Vector3.new(-60.613,51.700,-880.475),Vel=Vector3.new(-0.074,0.000,40.000),Move=Vector3.new(-0.002,0,1.000),CFrame=CFrame.new(-63.060,65.649,-909.890,-0.996225,0.035304,-0.079300,0.000000,0.913557,0.406711,0.086804,0.405176,-0.910109),FOV=70.00,Time=1.8444},
{Pos=Vector3.new(-60.645,51.700,-879.142),Vel=Vector3.new(-1.040,0.000,39.986),Move=Vector3.new(-0.026,0,1.000),CFrame=CFrame.new(-63.060,65.649,-908.557,-0.996225,0.035304,-0.079300,0.000000,0.913557,0.406711,0.086804,0.405176,-0.910109),FOV=70.00,Time=1.8770},
{Pos=Vector3.new(-60.703,51.700,-877.810),Vel=Vector3.new(-1.771,0.000,39.961),Move=Vector3.new(-0.044,0,0.999),CFrame=CFrame.new(-63.092,65.649,-907.224,-0.996225,0.035304,-0.079300,0.000000,0.913557,0.406711,0.086804,0.405176,-0.910109),FOV=70.00,Time=1.9107},
{Pos=Vector3.new(-60.768,51.700,-876.479),Vel=Vector3.new(-1.979,0.000,39.951),Move=Vector3.new(-0.049,0,0.999),CFrame=CFrame.new(-63.150,65.649,-905.892,-0.996225,0.035304,-0.079300,0.000000,0.913557,0.406711,0.086804,0.405176,-0.910109),FOV=70.00,Time=1.9450},
{Pos=Vector3.new(-60.830,51.700,-875.147),Vel=Vector3.new(-1.850,0.000,39.957),Move=Vector3.new(-0.046,0,0.999),CFrame=CFrame.new(-63.215,65.649,-904.560,-0.996225,0.035304,-0.079300,0.000000,0.913557,0.406711,0.086804,0.405176,-0.910109),FOV=70.00,Time=1.9775},
{Pos=Vector3.new(-60.875,51.700,-873.814),Vel=Vector3.new(-1.293,0.000,39.979),Move=Vector3.new(-0.032,0,0.999),CFrame=CFrame.new(-63.277,65.649,-903.228,-0.996225,0.035304,-0.079300,0.000000,0.913557,0.406711,0.086804,0.405176,-0.910109),FOV=70.00,Time=2.0126},
{Pos=Vector3.new(-60.884,51.700,-872.481),Vel=Vector3.new(-0.198,0.000,40.000),Move=Vector3.new(-0.005,0,1.000),CFrame=CFrame.new(-63.321,65.649,-901.896,-0.996225,0.035304,-0.079300,0.000000,0.913557,0.406711,0.086804,0.405176,-0.910109),FOV=70.00,Time=2.0464},
{Pos=Vector3.new(-60.844,51.700,-871.148),Vel=Vector3.new(1.311,0.000,39.978),Move=Vector3.new(0.033,0,0.999),CFrame=CFrame.new(-63.331,65.649,-900.562,-0.996225,0.035304,-0.079300,0.000000,0.913557,0.406711,0.086804,0.405176,-0.910109),FOV=70.00,Time=2.0796},
{Pos=Vector3.new(-60.770,51.700,-869.650),Vel=Vector3.new(2.013,0.000,39.949),Move=Vector3.new(0.050,0,0.999),CFrame=CFrame.new(-63.291,65.649,-899.230,-0.996225,0.035304,-0.079300,0.000000,0.913557,0.406711,0.086804,0.405176,-0.910109),FOV=70.00,Time=2.1138},
{Pos=Vector3.new(-60.689,51.700,-868.486),Vel=Vector3.new(2.843,0.000,39.899),Move=Vector3.new(0.071,0,0.997),CFrame=CFrame.new(-63.217,65.649,-897.732,-0.996225,0.035304,-0.079300,0.000000,0.913557,0.406711,0.086804,0.405176,-0.910109),FOV=70.00,Time=2.1468},
{Pos=Vector3.new(-60.570,51.700,-867.158),Vel=Vector3.new(3.625,0.000,39.835),Move=Vector3.new(0.091,0,0.996),CFrame=CFrame.new(-63.136,65.649,-896.568,-0.996225,0.035304,-0.079300,0.000000,0.913557,0.406711,0.086804,0.405176,-0.910109),FOV=70.00,Time=2.1787},
{Pos=Vector3.new(-60.419,51.700,-865.666),Vel=Vector3.new(4.075,0.000,39.792),Move=Vector3.new(0.102,0,0.995),CFrame=CFrame.new(-63.017,65.649,-895.240,-0.996225,0.035304,-0.079300,0.000000,0.913557,0.406711,0.086804,0.405176,-0.910109),FOV=70.00,Time=2.2146},
{Pos=Vector3.new(-60.288,51.700,-864.507),Vel=Vector3.new(4.511,0.000,39.745),Move=Vector3.new(0.113,0,0.994),CFrame=CFrame.new(-62.866,65.649,-893.747,-0.996225,0.035304,-0.079300,0.000000,0.913557,0.406711,0.086804,0.405176,-0.910109),FOV=70.00,Time=2.2455},
{Pos=Vector3.new(-60.129,51.700,-863.183),Vel=Vector3.new(4.788,0.000,39.712),Move=Vector3.new(0.120,0,0.993),CFrame=CFrame.new(-62.735,65.649,-892.588,-0.996225,0.035304,-0.079300,0.000000,0.913557,0.406711,0.086804,0.405176,-0.910109),FOV=70.00,Time=2.2799},
{Pos=Vector3.new(-59.966,51.700,-861.860),Vel=Vector3.new(4.913,0.000,39.697),Move=Vector3.new(0.123,0,0.992),CFrame=CFrame.new(-62.593,65.215,-891.453,-0.996225,0.034082,-0.079833,0.000000,0.919696,0.392632,0.086804,0.391150,-0.916224),FOV=70.00,Time=2.3118},
{Pos=Vector3.new(-59.803,51.700,-860.537),Vel=Vector3.new(4.897,0.000,39.699),Move=Vector3.new(0.122,0,0.992),CFrame=CFrame.new(-62.460,64.337,-890.487,-0.996225,0.031614,-0.080842,0.000000,0.931321,0.364200,0.086804,0.362826,-0.927805),FOV=70.00,Time=2.3457},
{Pos=Vector3.new(-59.635,51.700,-859.214),Vel=Vector3.new(5.028,0.000,39.683),Move=Vector3.new(0.126,0,0.992),CFrame=CFrame.new(-62.326,63.450,-889.494,-0.996225,0.029116,-0.081775,0.000000,0.942067,0.335425,0.086804,0.334159,-0.938511),FOV=70.00,Time=2.3776},
{Pos=Vector3.new(-59.493,51.700,-858.056),Vel=Vector3.new(4.882,0.000,39.701),Move=Vector3.new(0.122,0,0.993),CFrame=CFrame.new(-62.191,62.326,-888.546,-0.996225,0.025956,-0.082833,0.000000,0.954249,0.299014,0.086804,0.297885,-0.950647),FOV=70.00,Time=2.4057},
{Pos=Vector3.new(-59.354,51.700,-856.898),Vel=Vector3.new(4.746,0.000,39.717),Move=Vector3.new(0.119,0,0.993),CFrame=CFrame.new(-62.060,61.873,-887.526,-0.996225,0.024680,-0.083221,0.000000,0.958729,0.284323,0.086804,0.283250,-0.955110),FOV=70.00,Time=2.4341},
{Pos=Vector3.new(-59.238,51.700,-855.905),Vel=Vector3.new(4.617,0.000,39.733),Move=Vector3.new(0.115,0,0.993),CFrame=CFrame.new(-61.927,61.645,-886.434,-0.996225,0.024041,-0.083409,0.000000,0.960884,0.276952,0.086804,0.275907,-0.957257),FOV=70.00,Time=2.4612},
{Pos=Vector3.new(-59.107,51.700,-854.745),Vel=Vector3.new(4.482,0.000,39.748),Move=Vector3.new(0.112,0,0.994),CFrame=CFrame.new(-61.812,61.645,-885.441,-0.996225,0.024041,-0.083409,0.000000,0.960884,0.276952,0.086804,0.275907,-0.957257),FOV=70.00,Time=2.4891},
{Pos=Vector3.new(-58.980,51.700,-853.586),Vel=Vector3.new(4.344,0.000,39.763),Move=Vector3.new(0.109,0,0.994),CFrame=CFrame.new(-61.681,61.645,-884.282,-0.996225,0.024041,-0.083409,0.000000,0.960884,0.276952,0.086804,0.275907,-0.957257),FOV=70.00,Time=2.5169},
{Pos=Vector3.new(-58.875,51.700,-852.591),Vel=Vector3.new(4.202,0.000,39.779),Move=Vector3.new(0.105,0,0.994),CFrame=CFrame.new(-61.554,61.645,-883.122,-0.996225,0.024041,-0.083409,0.000000,0.960884,0.276952,0.086804,0.275907,-0.957257),FOV=70.00,Time=2.5434},
{Pos=Vector3.new(-58.773,51.700,-851.596),Vel=Vector3.new(4.056,0.000,39.794),Move=Vector3.new(0.101,0,0.995),CFrame=CFrame.new(-61.448,61.645,-882.127,-0.996225,0.024041,-0.083409,0.000000,0.960884,0.276952,0.086804,0.275907,-0.957257),FOV=70.00,Time=2.5716},
{Pos=Vector3.new(-58.655,51.700,-850.435),Vel=Vector3.new(4.053,0.000,39.794),Move=Vector3.new(0.101,0,0.995),CFrame=CFrame.new(-61.346,61.645,-881.133,-0.996225,0.024041,-0.083409,0.000000,0.960884,0.276952,0.086804,0.275907,-0.957257),FOV=70.00,Time=2.5995},
{Pos=Vector3.new(-58.540,51.700,-849.274),Vel=Vector3.new(3.908,0.000,39.809),Move=Vector3.new(0.098,0,0.995),CFrame=CFrame.new(-60.889,61.417,-880.064,-0.997168,0.020273,-0.072423,0.000000,0.962982,0.269565,0.075208,0.268801,-0.960255),FOV=70.00,Time=2.6262},
{Pos=Vector3.new(-58.461,51.700,-848.467),Vel=Vector3.new(2.640,0.000,26.893),Move=Vector3.new(0.000,0,0.000),CFrame=CFrame.new(-60.775,61.417,-878.903,-0.997168,0.020273,-0.072423,0.000000,0.962982,0.269565,0.075208,0.268801,-0.960255),FOV=70.00,Time=2.6522},
{Pos=Vector3.new(-58.411,51.700,-847.961),Vel=Vector3.new(1.161,0.000,11.825),Move=Vector3.new(0.000,0,0.000),CFrame=CFrame.new(-60.696,61.417,-878.096,-0.997168,0.020273,-0.072423,0.000000,0.962982,0.269565,0.075208,0.268801,-0.960255),FOV=70.00,Time=2.6797},
{Pos=Vector3.new(-58.402,51.700,-847.868),Vel=Vector3.new(0.044,0.000,0.452),Move=Vector3.new(0.000,0,0.000),CFrame=CFrame.new(-60.646,61.417,-877.590,-0.997168,0.020273,-0.072423,0.000000,0.962982,0.269565,0.075208,0.268801,-0.960255),FOV=70.00,Time=2.7040},
{Pos=Vector3.new(-58.402,51.700,-847.867),Vel=Vector3.new(0.000,0.000,0.001),Move=Vector3.new(0.000,0,0.000),CFrame=CFrame.new(-60.637,61.417,-877.497,-0.997168,0.020273,-0.072423,0.000000,0.962982,0.269565,0.075208,0.268801,-0.960255),FOV=70.00,Time=2.7309},
{Pos=Vector3.new(-58.402,51.700,-847.867),Vel=Vector3.new(0.000,0.000,0.000),Move=Vector3.new(0.000,0,0.000),CFrame=CFrame.new(-60.637,61.417,-877.496,-0.997168,0.020273,-0.072423,0.000000,0.962982,0.269565,0.075208,0.268801,-0.960255),FOV=70.00,Time=2.7566},
{Pos=Vector3.new(-58.402,51.700,-847.867),Vel=Vector3.new(-0.000,0.000,-0.000),Move=Vector3.new(0.000,0,0.000),CFrame=CFrame.new(-60.637,61.417,-877.496,-0.997168,0.020273,-0.072423,0.000000,0.962982,0.269565,0.075208,0.268801,-0.960255),FOV=70.00,Time=2.7824},
{Pos=Vector3.new(-58.402,51.700,-847.867),Vel=Vector3.new(-0.000,0.000,-0.000),Move=Vector3.new(0.000,0,0.000),CFrame=CFrame.new(-60.637,61.417,-877.496,-0.997168,0.020273,-0.072423,0.000000,0.962982,0.269565,0.075208,0.268801,-0.960255),FOV=70.00,Time=2.8095},
{Pos=Vector3.new(-58.402,51.700,-847.867),Vel=Vector3.new(-0.000,0.000,-0.000),Move=Vector3.new(0.000,0,0.000),CFrame=CFrame.new(-60.637,61.417,-877.496,-0.997168,0.020273,-0.072423,0.000000,0.962982,0.269565,0.075208,0.268801,-0.960255),FOV=70.00,Time=2.8358},
{Pos=Vector3.new(-58.402,51.700,-847.867),Vel=Vector3.new(-0.000,0.000,-0.000),Move=Vector3.new(0.000,0,0.000),CFrame=CFrame.new(-60.637,61.417,-877.496,-0.997168,0.020273,-0.072423,0.000000,0.962982,0.269565,0.075208,0.268801,-0.960255),FOV=70.00,Time=2.8606},
{Pos=Vector3.new(-58.402,51.700,-847.867),Vel=Vector3.new(-0.000,0.000,-0.000),Move=Vector3.new(0.000,0,0.000),CFrame=CFrame.new(-60.637,61.417,-877.496,-0.997168,0.020273,-0.072423,0.000000,0.962982,0.269565,0.075208,0.268801,-0.960255),FOV=70.00,Time=2.8869},
{Pos=Vector3.new(-58.402,51.700,-847.867),Vel=Vector3.new(-0.000,0.000,-0.000),Move=Vector3.new(0.000,0,0.000),CFrame=CFrame.new(-60.637,61.417,-877.496,-0.997168,0.020273,-0.072423,0.000000,0.962982,0.269565,0.075208,0.268801,-0.960255),FOV=70.00,Time=2.9118},
{Pos=Vector3.new(-58.402,51.700,-847.867),Vel=Vector3.new(-0.000,0.000,-0.000),Move=Vector3.new(0.000,0,0.000),CFrame=CFrame.new(-60.637,61.417,-877.496,-0.997168,0.020273,-0.072423,0.000000,0.962982,0.269565,0.075208,0.268801,-0.960255),FOV=70.00,Time=2.9391},
{Pos=Vector3.new(-58.402,51.700,-847.867),Vel=Vector3.new(-0.000,0.000,-0.000),Move=Vector3.new(0.000,0,0.000),CFrame=CFrame.new(-60.637,61.417,-877.496,-0.997168,0.020273,-0.072423,0.000000,0.962982,0.269565,0.075208,0.268801,-0.960255),FOV=70.00,Time=2.9636},
{Pos=Vector3.new(-58.402,51.700,-847.867),Vel=Vector3.new(-0.000,0.000,-0.000),Move=Vector3.new(0.000,0,0.000),CFrame=CFrame.new(-60.637,61.417,-877.496,-0.997168,0.020273,-0.072423,0.000000,0.962982,0.269565,0.075208,0.268801,-0.960255),FOV=70.00,Time=2.9900},
{Pos=Vector3.new(-58.402,51.700,-847.867),Vel=Vector3.new(-0.000,0.000,-0.000),Move=Vector3.new(0.000,0,0.000),CFrame=CFrame.new(-60.637,61.417,-877.496,-0.997168,0.020273,-0.072423,0.000000,0.962982,0.269565,0.075208,0.268801,-0.960255),FOV=70.00,Time=3.0150},
{Pos=Vector3.new(-58.402,51.700,-847.867),Vel=Vector3.new(-0.000,0.000,-0.000),Move=Vector3.new(0.000,0,0.000),CFrame=CFrame.new(-60.637,61.417,-877.496,-0.997168,0.020273,-0.072423,0.000000,0.962982,0.269565,0.075208,0.268801,-0.960255),FOV=70.00,Time=3.0410},
{Pos=Vector3.new(-58.402,51.700,-847.867),Vel=Vector3.new(-0.000,0.000,-0.000),Move=Vector3.new(0.000,0,0.000),CFrame=CFrame.new(-60.637,61.417,-877.496,-0.997168,0.020273,-0.072423,0.000000,0.962982,0.269565,0.075208,0.268801,-0.960255),FOV=70.00,Time=3.0667},
{Pos=Vector3.new(-58.402,51.700,-847.867),Vel=Vector3.new(-0.000,0.000,-0.000),Move=Vector3.new(0.000,0,0.000),CFrame=CFrame.new(-60.637,61.417,-877.496,-0.997168,0.020273,-0.072423,0.000000,0.962982,0.269565,0.075208,0.268801,-0.960255),FOV=70.00,Time=3.1049},
{Pos=Vector3.new(-58.402,51.700,-847.867),Vel=Vector3.new(-0.000,0.000,-0.000),Move=Vector3.new(0.000,0,0.000),CFrame=CFrame.new(-60.637,61.417,-877.496,-0.997168,0.020273,-0.072423,0.000000,0.962982,0.269565,0.075208,0.268801,-0.960255),FOV=70.00,Time=3.1182},
{Pos=Vector3.new(-58.402,51.700,-847.867),Vel=Vector3.new(0.000,0.000,0.000),Move=Vector3.new(0.000,0,0.000),CFrame=CFrame.new(-60.637,61.417,-877.496,-0.997168,0.020273,-0.072423,0.000000,0.962982,0.269565,0.075208,0.268801,-0.960255),FOV=70.00,Time=3.1454},
{Pos=Vector3.new(-58.402,51.700,-847.867),Vel=Vector3.new(0.000,0.000,0.000),Move=Vector3.new(0.000,0,0.000),CFrame=CFrame.new(-60.637,61.417,-877.496,-0.997168,0.020273,-0.072423,0.000000,0.962982,0.269565,0.075208,0.268801,-0.960255),FOV=70.00,Time=3.1701},
{Pos=Vector3.new(-58.402,51.700,-847.867),Vel=Vector3.new(-0.000,0.000,-0.000),Move=Vector3.new(0.000,0,0.000),CFrame=CFrame.new(-60.637,61.417,-877.496,-0.997168,0.020273,-0.072423,0.000000,0.962982,0.269565,0.075208,0.268801,-0.960255),FOV=70.00,Time=3.2125},
{Pos=Vector3.new(-58.402,51.700,-847.867),Vel=Vector3.new(-0.000,0.000,-0.000),Move=Vector3.new(0.000,0,0.000),CFrame=CFrame.new(-60.637,61.417,-877.496,-0.997168,0.020273,-0.072423,0.000000,0.962982,0.269565,0.075208,0.268801,-0.960255),FOV=70.00,Time=3.2213},
{Pos=Vector3.new(-58.402,51.700,-847.867),Vel=Vector3.new(-0.000,0.000,-0.000),Move=Vector3.new(0.000,0,0.000),CFrame=CFrame.new(-60.637,61.417,-877.496,-0.997168,0.020273,-0.072423,0.000000,0.962982,0.269565,0.075208,0.268801,-0.960255),FOV=70.00,Time=3.2473},
{Pos=Vector3.new(-58.402,51.700,-847.867),Vel=Vector3.new(-0.000,0.000,-0.000),Move=Vector3.new(0.000,0,0.000),CFrame=CFrame.new(-60.637,61.417,-877.496,-0.997168,0.020273,-0.072423,0.000000,0.962982,0.269565,0.075208,0.268801,-0.960255),FOV=70.00,Time=3.2730},
{Pos=Vector3.new(-58.402,51.700,-847.867),Vel=Vector3.new(-0.000,0.000,-0.000),Move=Vector3.new(0.000,0,0.000),CFrame=CFrame.new(-60.637,61.417,-877.496,-0.997168,0.020273,-0.072423,0.000000,0.962982,0.269565,0.075208,0.268801,-0.960255),FOV=70.00,Time=3.2979},
{Pos=Vector3.new(-58.402,51.700,-847.867),Vel=Vector3.new(-0.000,0.000,-0.000),Move=Vector3.new(0.000,0,0.000),CFrame=CFrame.new(-60.637,61.417,-877.496,-0.997168,0.020273,-0.072423,0.000000,0.962982,0.269565,0.075208,0.268801,-0.960255),FOV=70.00,Time=3.3256},
{Pos=Vector3.new(-58.402,51.700,-847.867),Vel=Vector3.new(-0.000,0.000,-0.000),Move=Vector3.new(0.000,0,0.000),CFrame=CFrame.new(-60.637,61.417,-877.496,-0.997168,0.020273,-0.072423,0.000000,0.962982,0.269565,0.075208,0.268801,-0.960255),FOV=70.00,Time=3.3493},
{Pos=Vector3.new(-58.402,51.700,-847.867),Vel=Vector3.new(-0.000,0.000,-0.000),Move=Vector3.new(0.000,0,0.000),CFrame=CFrame.new(-60.637,61.417,-877.496,-0.997168,0.020273,-0.072423,0.000000,0.962982,0.269565,0.075208,0.268801,-0.960255),FOV=70.00,Time=3.3750},
{Pos=Vector3.new(-58.402,51.700,-847.867),Vel=Vector3.new(-0.000,0.000,-0.000),Move=Vector3.new(0.000,0,0.000),CFrame=CFrame.new(-60.637,61.417,-877.496,-0.997168,0.020273,-0.072423,0.000000,0.962982,0.269565,0.075208,0.268801,-0.960255),FOV=70.00,Time=3.4004},
{Pos=Vector3.new(-58.402,51.700,-847.867),Vel=Vector3.new(-0.000,0.000,-0.000),Move=Vector3.new(0.000,0,0.000),CFrame=CFrame.new(-60.637,61.417,-877.496,-0.997168,0.020273,-0.072423,0.000000,0.962982,0.269565,0.075208,0.268801,-0.960255),FOV=70.00,Time=3.4269},
{Pos=Vector3.new(-58.402,51.700,-847.867),Vel=Vector3.new(0.000,0.000,0.000),Move=Vector3.new(0.000,0,0.000),CFrame=CFrame.new(-60.637,61.417,-877.496,-0.997168,0.020273,-0.072423,0.000000,0.962982,0.269565,0.075208,0.268801,-0.960255),FOV=70.00,Time=3.4519},
{Pos=Vector3.new(-58.275,51.700,-847.727),Vel=Vector3.new(8.715,0.000,9.615),Move=Vector3.new(0.672,0,0.741),CFrame=CFrame.new(-60.637,61.417,-877.496,-0.997168,0.020273,-0.072423,0.000000,0.962982,0.269565,0.075208,0.268801,-0.960255),FOV=70.00,Time=3.4793},
{Pos=Vector3.new(-57.946,51.700,-847.333),Vel=Vector3.new(16.343,0.000,20.115),Move=Vector3.new(0.616,0,0.788),CFrame=CFrame.new(-60.510,61.417,-877.356,-0.997168,0.020273,-0.072423,0.000000,0.962982,0.269565,0.075208,0.268801,-0.960255),FOV=70.00,Time=3.5044},
{Pos=Vector3.new(-57.369,51.700,-846.521),Vel=Vector3.new(21.947,0.000,32.806),Move=Vector3.new(0.554,0,0.832),CFrame=CFrame.new(-60.181,61.417,-876.962,-0.997168,0.020273,-0.072423,0.000000,0.962982,0.269565,0.075208,0.268801,-0.960255),FOV=70.00,Time=3.5309},
{Pos=Vector3.new(-56.846,51.700,-845.670),Vel=Vector3.new(20.818,0.000,34.154),Move=Vector3.new(0.520,0,0.854),CFrame=CFrame.new(-59.604,61.417,-876.150,-0.997168,0.020273,-0.072423,0.000000,0.962982,0.269565,0.075208,0.268801,-0.960255),FOV=70.00,Time=3.5550},
{Pos=Vector3.new(-56.350,51.700,-844.802),Vel=Vector3.new(19.760,0.000,34.778),Move=Vector3.new(0.494,0,0.870),CFrame=CFrame.new(-59.081,61.417,-875.299,-0.997168,0.020273,-0.072423,0.000000,0.962982,0.269565,0.075208,0.268801,-0.960255),FOV=70.00,Time=3.5819},
{Pos=Vector3.new(-55.871,51.700,-843.924),Vel=Vector3.new(19.080,0.000,35.156),Move=Vector3.new(0.477,0,0.879),CFrame=CFrame.new(-58.584,61.417,-874.431,-0.997168,0.020273,-0.072423,0.000000,0.962982,0.269565,0.075208,0.268801,-0.960255),FOV=70.00,Time=3.6055},
{Pos=Vector3.new(-55.417,51.700,-843.034),Vel=Vector3.new(18.082,0.000,35.680),Move=Vector3.new(0.452,0,0.892),CFrame=CFrame.new(-58.106,61.417,-873.553,-0.997168,0.020273,-0.072423,0.000000,0.962982,0.269565,0.075208,0.268801,-0.960255),FOV=70.00,Time=3.6337},
{Pos=Vector3.new(-54.973,51.700,-842.137),Vel=Vector3.new(17.700,0.000,35.871),Move=Vector3.new(0.442,0,0.897),CFrame=CFrame.new(-57.651,61.417,-872.662,-0.997168,0.020273,-0.072423,0.000000,0.962982,0.269565,0.075208,0.268801,-0.960255),FOV=70.00,Time=3.6575},
{Pos=Vector3.new(-54.563,51.700,-841.225),Vel=Vector3.new(16.263,0.000,36.545),Move=Vector3.new(0.406,0,0.914),CFrame=CFrame.new(-57.208,61.417,-871.766,-0.997168,0.020273,-0.072423,0.000000,0.962982,0.269565,0.075208,0.268801,-0.960255),FOV=70.00,Time=3.6819},
{Pos=Vector3.new(-54.000,51.700,-839.835),Vel=Vector3.new(14.941,0.000,37.105),Move=Vector3.new(0.374,0,0.928),CFrame=CFrame.new(-56.798,61.417,-870.854,-0.997168,0.020273,-0.072423,0.000000,0.962982,0.269565,0.075208,0.268801,-0.960255),FOV=70.00,Time=3.7191},
{Pos=Vector3.new(-53.830,51.700,-839.365),Vel=Vector3.new(13.331,0.000,37.711),Move=Vector3.new(0.331,0,0.944),CFrame=CFrame.new(-56.234,61.417,-869.464,-0.997168,0.020273,-0.072423,0.000000,0.962982,0.269565,0.075208,0.268801,-0.960255),FOV=70.00,Time=3.7314},
{Pos=Vector3.new(-53.543,51.700,-838.407),Vel=Vector3.new(11.264,0.000,38.381),Move=Vector3.new(0.281,0,0.960),CFrame=CFrame.new(-56.065,61.417,-868.994,-0.997168,0.020273,-0.072423,0.000000,0.962982,0.269565,0.075208,0.268801,-0.960255),FOV=70.00,Time=3.7573},
{Pos=Vector3.new(-53.313,51.700,-837.434),Vel=Vector3.new(9.012,0.000,38.971),Move=Vector3.new(0.225,0,0.974),CFrame=CFrame.new(-55.778,61.417,-868.036,-0.997168,0.020273,-0.072423,0.000000,0.962982,0.269565,0.075208,0.268801,-0.960255),FOV=70.00,Time=3.7820},
{Pos=Vector3.new(-53.131,51.700,-836.451),Vel=Vector3.new(7.082,0.000,39.368),Move=Vector3.new(0.177,0,0.984),CFrame=CFrame.new(-55.547,61.417,-867.063,-0.997168,0.020273,-0.072423,0.000000,0.962982,0.269565,0.075208,0.268801,-0.960255),FOV=70.00,Time=3.8070},
{Pos=Vector3.new(-52.993,51.700,-835.461),Vel=Vector3.new(5.350,0.000,39.641),Move=Vector3.new(0.134,0,0.991),CFrame=CFrame.new(-55.365,61.417,-866.080,-0.997168,0.020273,-0.072423,0.000000,0.962982,0.269565,0.075208,0.268801,-0.960255),FOV=70.00,Time=3.8301},
{Pos=Vector3.new(-52.882,51.700,-834.467),Vel=Vector3.new(4.328,0.000,39.765),Move=Vector3.new(0.108,0,0.994),CFrame=CFrame.new(-55.227,61.417,-865.089,-0.997168,0.020273,-0.072423,0.000000,0.962982,0.269565,0.075208,0.268801,-0.960255),FOV=70.00,Time=3.8549},
{Pos=Vector3.new(-52.794,51.700,-833.471),Vel=Vector3.new(3.454,0.000,39.851),Move=Vector3.new(0.086,0,0.996),CFrame=CFrame.new(-55.117,61.417,-864.096,-0.997168,0.020273,-0.072423,0.000000,0.962982,0.269565,0.075208,0.268801,-0.960255),FOV=70.00,Time=3.8809},
{Pos=Vector3.new(-52.746,51.700,-832.639),Vel=Vector3.new(2.125,0.000,39.943),Move=Vector3.new(0.053,0,0.999),CFrame=CFrame.new(-55.028,61.417,-863.100,-0.997168,0.020273,-0.072423,0.000000,0.962982,0.269565,0.075208,0.268801,-0.960255),FOV=70.00,Time=3.9012},
{Pos=Vector3.new(-52.713,51.700,-831.806),Vel=Vector3.new(1.518,0.000,39.971),Move=Vector3.new(0.038,0,0.999),CFrame=CFrame.new(-54.981,61.417,-862.268,-0.997168,0.020273,-0.072423,0.000000,0.962982,0.269565,0.075208,0.268801,-0.960255),FOV=70.00,Time=3.9249},
{Pos=Vector3.new(-52.686,51.700,-830.807),Vel=Vector3.new(1.066,0.000,39.986),Move=Vector3.new(0.027,0,1.000),CFrame=CFrame.new(-54.948,61.417,-861.435,-0.997168,0.020273,-0.072423,0.000000,0.962982,0.269565,0.075208,0.268801,-0.960255),FOV=70.00,Time=3.9484},
{Pos=Vector3.new(-52.666,51.700,-829.807),Vel=Vector3.new(0.767,0.000,39.993),Move=Vector3.new(0.019,0,1.000),CFrame=CFrame.new(-54.920,61.417,-860.435,-0.997168,0.020273,-0.072423,0.000000,0.962982,0.269565,0.075208,0.268801,-0.960255),FOV=70.00,Time=3.9734},
{Pos=Vector3.new(-52.655,51.700,-828.974),Vel=Vector3.new(0.470,0.000,39.997),Move=Vector3.new(0.012,0,1.000),CFrame=CFrame.new(-54.900,61.417,-859.436,-0.997168,0.020273,-0.072423,0.000000,0.962982,0.269565,0.075208,0.268801,-0.960255),FOV=70.00,Time=3.9942},
{Pos=Vector3.new(-52.643,51.700,-827.974),Vel=Vector3.new(0.468,0.000,39.997),Move=Vector3.new(0.012,0,1.000),CFrame=CFrame.new(-54.890,61.417,-858.602,-0.997168,0.020273,-0.072423,0.000000,0.962982,0.269565,0.075208,0.268801,-0.960255),FOV=70.00,Time=4.0184},
{Pos=Vector3.new(-52.631,51.700,-827.141),Vel=Vector3.new(0.616,0.000,39.995),Move=Vector3.new(0.015,0,1.000),CFrame=CFrame.new(-54.180,61.962,-857.489,-0.998648,0.014932,-0.049795,0.000000,0.957863,0.287226,0.051985,0.286837,-0.956568),FOV=70.00,Time=4.0416},
{Pos=Vector3.new(-52.633,51.700,-826.141),Vel=Vector3.new(-0.162,0.000,40.000),Move=Vector3.new(-0.004,0,1.000),CFrame=CFrame.new(-53.817,62.497,-856.506,-0.999185,0.012293,-0.038444,0.000000,0.952491,0.304567,0.040361,0.304319,-0.951715),FOV=70.00,Time=4.0638},
{Pos=Vector3.new(-52.640,51.700,-825.307),Vel=Vector3.new(-0.330,0.000,39.999),Move=Vector3.new(-0.008,0,1.000),CFrame=CFrame.new(-53.471,63.197,-855.285,-0.999587,0.009403,-0.027151,0.000000,0.944939,0.327247,0.028733,0.327112,-0.944549),FOV=70.00,Time=4.0862},
{Pos=Vector3.new(-52.652,51.700,-824.474),Vel=Vector3.new(-0.638,0.000,39.995),Move=Vector3.new(-0.016,0,1.000),CFrame=CFrame.new(-53.474,63.539,-854.331,-0.999587,0.009721,-0.027039,0.000000,0.941026,0.338334,0.028733,0.338194,-0.940638),FOV=70.00,Time=4.1093},
{Pos=Vector3.new(-52.658,51.700,-823.474),Vel=Vector3.new(-0.190,0.000,40.000),Move=Vector3.new(-0.005,0,1.000),CFrame=CFrame.new(-53.483,63.495,-853.374,-0.999587,0.009721,-0.027039,0.000000,0.941026,0.338334,0.028733,0.338194,-0.940638),FOV=70.00,Time=4.1306},
{Pos=Vector3.new(-52.659,51.700,-822.641),Vel=Vector3.new(-0.041,0.000,40.000),Move=Vector3.new(-0.001,0,1.000),CFrame=CFrame.new(-53.481,63.399,-852.108,-0.999587,0.009721,-0.027039,0.000000,0.941026,0.338334,0.028733,0.338194,-0.940638),FOV=70.00,Time=4.1529},
{Pos=Vector3.new(-52.654,51.700,-821.807),Vel=Vector3.new(0.258,0.000,39.999),Move=Vector3.new(0.007,0,1.000),CFrame=CFrame.new(-53.474,63.295,-850.985,-0.999587,0.009721,-0.027039,0.000000,0.941026,0.338334,0.028733,0.338194,-0.940638),FOV=70.00,Time=4.1762},
{Pos=Vector3.new(-52.641,51.700,-820.807),Vel=Vector3.new(0.558,0.000,39.996),Move=Vector3.new(0.014,0,1.000),CFrame=CFrame.new(-53.451,63.071,-849.529,-0.999587,0.009721,-0.027039,0.000000,0.941026,0.338334,0.028733,0.338194,-0.940638),FOV=70.00,Time=4.1985},
{Pos=Vector3.new(-52.624,51.700,-819.808),Vel=Vector3.new(0.706,0.000,39.994),Move=Vector3.new(0.018,0,1.000),CFrame=CFrame.new(-53.409,62.708,-847.519,-0.999587,0.009721,-0.027039,0.000000,0.941026,0.338334,0.028733,0.338194,-0.940638),FOV=70.00,Time=4.2228},
{Pos=Vector3.new(-52.604,51.700,-818.974),Vel=Vector3.new(1.000,0.000,39.987),Move=Vector3.new(0.025,0,1.000),CFrame=CFrame.new(-53.351,62.193,-845.088,-0.999587,0.009721,-0.027039,0.000000,0.941026,0.338334,0.028733,0.338194,-0.940638),FOV=70.00,Time=4.2464},
{Pos=Vector3.new(-52.572,51.700,-817.975),Vel=Vector3.new(1.295,0.000,39.979),Move=Vector3.new(0.032,0,0.999),CFrame=CFrame.new(-53.286,61.641,-842.721,-0.999587,0.009721,-0.027039,0.000000,0.941026,0.338334,0.028733,0.338194,-0.940638),FOV=70.00,Time=4.2679},
{Pos=Vector3.new(-52.543,51.700,-817.142),Vel=Vector3.new(1.440,0.000,39.974),Move=Vector3.new(0.036,0,0.999),CFrame=CFrame.new(-53.479,61.327,-840.427,-0.999185,0.013877,-0.037901,0.000000,0.939037,0.343815,0.040361,0.343535,-0.938272),FOV=70.00,Time=4.2913},
{Pos=Vector3.new(-52.490,51.700,-816.144),Vel=Vector3.new(2.193,0.000,39.940),Move=Vector3.new(0.055,0,0.998),CFrame=CFrame.new(-53.407,61.082,-838.540,-0.999185,0.014097,-0.037819,0.000000,0.937025,0.349263,0.040361,0.348978,-0.936261),FOV=70.00,Time=4.3161},
{Pos=Vector3.new(-52.441,51.700,-815.312),Vel=Vector3.new(2.337,0.000,39.932),Move=Vector3.new(0.058,0,0.998),CFrame=CFrame.new(-53.562,61.063,-836.746,-0.998648,0.018719,-0.048498,0.000000,0.932922,0.360080,0.051986,0.359593,-0.931660),FOV=70.00,Time=4.3374},
{Pos=Vector3.new(-52.372,51.700,-814.314),Vel=Vector3.new(2.799,0.000,39.902),Move=Vector3.new(0.070,0,0.998),CFrame=CFrame.new(-53.256,61.029,-835.492,-0.999185,0.014749,-0.037570,0.000000,0.930840,0.365427,0.040361,0.365130,-0.930081),FOV=70.00,Time=4.3596},
{Pos=Vector3.new(-52.325,51.700,-813.482),Vel=Vector3.new(2.196,0.000,39.940),Move=Vector3.new(0.055,0,0.998),CFrame=CFrame.new(-53.176,61.047,-834.205,-0.999185,0.014964,-0.037485,0.000000,0.928736,0.370742,0.040361,0.370440,-0.927979),FOV=70.00,Time=4.3808},
