local RunService = game:GetService("RunService")
local Players = game:GetService("Players")
local lp = Players.LocalPlayer
local cam = workspace.CurrentCamera
local char = lp.Character or lp.CharacterAdded:Wait()
local hrp = char:WaitForChild("HumanoidRootPart")
local hum = char:WaitForChild("Humanoid")
hum.AutoRotate = false
cam.CameraType = Enum.CameraType.Scriptable
local frames = {
{Pos=Vector3.new(-53.312,51.700,-925.112),Vel=Vector3.new(-0.000,0.000,0.000),Move=Vector3.new(0.000,0,0.000),CFrame=CFrame.new(-36.646,62.391,-954.041,-0.866492,-0.133831,0.480916,0.000000,0.963392,0.268097,-0.499190,0.232304,-0.834772),FOV=70.00,Time=0.0000},
{Pos=Vector3.new(-53.312,51.700,-925.112),Vel=Vector3.new(0.000,0.000,-0.000),Move=Vector3.new(0.000,0,0.000),CFrame=CFrame.new(-36.646,62.391,-954.041,-0.866492,-0.133831,0.480916,0.000000,0.963392,0.268097,-0.499190,0.232304,-0.834772),FOV=70.00,Time=0.0387},
{Pos=Vector3.new(-53.312,51.700,-925.112),Vel=Vector3.new(0.000,0.000,-0.000),Move=Vector3.new(0.000,0,0.000),CFrame=CFrame.new(-36.646,62.391,-954.041,-0.866492,-0.133831,0.480916,0.000000,0.963392,0.268097,-0.499190,0.232304,-0.834772),FOV=70.00,Time=0.0645},
{Pos=Vector3.new(-53.312,51.700,-925.112),Vel=Vector3.new(0.000,0.000,-0.000),Move=Vector3.new(0.000,0,0.000),CFrame=CFrame.new(-36.646,62.391,-954.041,-0.866492,-0.133831,0.480916,0.000000,0.963392,0.268097,-0.499190,0.232304,-0.834772),FOV=70.00,Time=0.1006},
{Pos=Vector3.new(-53.312,51.700,-925.112),Vel=Vector3.new(-0.000,0.000,0.000),Move=Vector3.new(0.000,0,0.000),CFrame=CFrame.new(-36.646,62.391,-954.041,-0.866492,-0.133831,0.480916,0.000000,0.963392,0.268097,-0.499190,0.232304,-0.834772),FOV=70.00,Time=0.1182},
{Pos=Vector3.new(-53.312,51.700,-925.112),Vel=Vector3.new(-0.000,0.000,0.000),Move=Vector3.new(0.000,0,0.000),CFrame=CFrame.new(-36.646,62.391,-954.041,-0.866492,-0.133831,0.480916,0.000000,0.963392,0.268097,-0.499190,0.232304,-0.834772),FOV=70.00,Time=0.1484},
{Pos=Vector3.new(-53.312,51.700,-925.112),Vel=Vector3.new(-0.000,0.000,0.000),Move=Vector3.new(0.000,0,0.000),CFrame=CFrame.new(-36.646,62.391,-954.041,-0.866492,-0.133831,0.480916,0.000000,0.963392,0.268097,-0.499190,0.232304,-0.834772),FOV=70.00,Time=0.1773},
{Pos=Vector3.new(-53.312,51.700,-925.112),Vel=Vector3.new(-0.000,0.000,0.000),Move=Vector3.new(0.000,0,0.000),CFrame=CFrame.new(-36.646,62.391,-954.041,-0.866492,-0.133831,0.480916,0.000000,0.963392,0.268097,-0.499190,0.232304,-0.834772),FOV=70.00,Time=0.2077},
{Pos=Vector3.new(-53.312,51.700,-925.112),Vel=Vector3.new(-0.000,0.000,0.000),Move=Vector3.new(0.000,0,0.000),CFrame=CFrame.new(-36.646,62.391,-954.041,-0.866492,-0.133831,0.480916,0.000000,0.963392,0.268097,-0.499190,0.232304,-0.834772),FOV=70.00,Time=0.2358},
{Pos=Vector3.new(-53.312,51.700,-925.112),Vel=Vector3.new(0.000,0.000,-0.000),Move=Vector3.new(0.000,0,0.000),CFrame=CFrame.new(-36.646,62.391,-954.041,-0.866492,-0.133831,0.480916,0.000000,0.963392,0.268097,-0.499190,0.232304,-0.834772),FOV=70.00,Time=0.2716},
{Pos=Vector3.new(-53.312,51.700,-925.112),Vel=Vector3.new(0.000,0.000,-0.000),Move=Vector3.new(0.000,0,0.000),CFrame=CFrame.new(-36.646,62.391,-954.041,-0.866492,-0.133831,0.480916,0.000000,0.963392,0.268097,-0.499190,0.232304,-0.834772),FOV=70.00,Time=0.2945},
{Pos=Vector3.new(-53.312,51.700,-925.112),Vel=Vector3.new(0.000,0.000,-0.000),Move=Vector3.new(0.000,0,0.000),CFrame=CFrame.new(-36.646,62.391,-954.041,-0.866492,-0.133831,0.480916,0.000000,0.963392,0.268097,-0.499190,0.232304,-0.834772),FOV=70.00,Time=0.3269},
{Pos=Vector3.new(-53.312,51.700,-925.112),Vel=Vector3.new(-0.000,0.000,0.000),Move=Vector3.new(0.000,0,0.000),CFrame=CFrame.new(-36.646,62.391,-954.041,-0.866492,-0.133831,0.480916,0.000000,0.963392,0.268097,-0.499190,0.232304,-0.834772),FOV=70.00,Time=0.3545},
{Pos=Vector3.new(-53.312,51.700,-925.112),Vel=Vector3.new(-0.000,0.000,0.000),Move=Vector3.new(0.000,0,0.000),CFrame=CFrame.new(-36.646,62.391,-954.041,-0.866492,-0.133831,0.480916,0.000000,0.963392,0.268097,-0.499190,0.232304,-0.834772),FOV=70.00,Time=0.3838},
{Pos=Vector3.new(-53.312,51.700,-925.112),Vel=Vector3.new(-0.000,0.000,0.000),Move=Vector3.new(0.000,0,0.000),CFrame=CFrame.new(-36.646,62.391,-954.041,-0.866492,-0.133831,0.480916,0.000000,0.963392,0.268097,-0.499190,0.232304,-0.834772),FOV=70.00,Time=0.4151},
{Pos=Vector3.new(-53.312,51.700,-925.112),Vel=Vector3.new(-0.000,0.000,0.000),Move=Vector3.new(0.000,0,0.000),CFrame=CFrame.new(-36.646,62.391,-954.041,-0.866492,-0.133831,0.480916,0.000000,0.963392,0.268097,-0.499190,0.232304,-0.834772),FOV=70.00,Time=0.4464},
{Pos=Vector3.new(-53.312,51.700,-925.112),Vel=Vector3.new(0.000,0.000,-0.000),Move=Vector3.new(0.000,0,0.000),CFrame=CFrame.new(-36.646,62.391,-954.041,-0.866492,-0.133831,0.480916,0.000000,0.963392,0.268097,-0.499190,0.232304,-0.834772),FOV=70.00,Time=0.4745},
{Pos=Vector3.new(-53.312,51.700,-925.112),Vel=Vector3.new(0.000,0.000,-0.000),Move=Vector3.new(0.000,0,0.000),CFrame=CFrame.new(-36.646,62.391,-954.041,-0.866492,-0.133831,0.480916,0.000000,0.963392,0.268097,-0.499190,0.232304,-0.834772),FOV=70.00,Time=0.5042},
{Pos=Vector3.new(-53.312,51.700,-925.112),Vel=Vector3.new(0.000,0.000,-0.000),Move=Vector3.new(0.000,0,0.000),CFrame=CFrame.new(-36.646,62.391,-954.041,-0.866492,-0.133831,0.480916,0.000000,0.963392,0.268097,-0.499190,0.232304,-0.834772),FOV=70.00,Time=0.5396},
{Pos=Vector3.new(-53.312,51.700,-925.112),Vel=Vector3.new(-0.000,0.000,0.000),Move=Vector3.new(0.000,0,0.000),CFrame=CFrame.new(-42.591,61.619,-956.947,-0.947696,-0.078464,0.309381,0.000000,0.969312,0.245833,-0.319176,0.232974,-0.918613),FOV=70.00,Time=0.5647},
{Pos=Vector3.new(-53.312,51.700,-925.112),Vel=Vector3.new(-0.000,0.000,0.000),Move=Vector3.new(0.000,0,0.000),CFrame=CFrame.new(-46.345,61.361,-958.039,-0.978342,-0.049344,0.201030,0.000000,0.971172,0.238381,-0.206997,0.233218,-0.950138),FOV=70.00,Time=0.5952},
{Pos=Vector3.new(-53.312,51.700,-925.112),Vel=Vector3.new(-0.000,0.000,0.000),Move=Vector3.new(0.000,0,0.000),CFrame=CFrame.new(-52.558,60.843,-958.883,-0.999751,-0.004990,0.021769,0.000000,0.974718,0.223438,-0.022334,0.223382,-0.974475),FOV=70.00,Time=0.6226},
{Pos=Vector3.new(-53.312,51.700,-925.112),Vel=Vector3.new(-0.000,0.000,0.000),Move=Vector3.new(0.000,0,0.000),CFrame=CFrame.new(-55.305,61.057,-958.783,-0.998253,0.013565,-0.057499,0.000000,0.973283,0.229610,0.059078,0.229209,-0.971583),FOV=70.00,Time=0.6503},
{Pos=Vector3.new(-53.312,51.700,-925.112),Vel=Vector3.new(-0.000,0.000,0.000),Move=Vector3.new(0.000,0,0.000),CFrame=CFrame.new(-57.642,61.270,-958.511,-0.991701,0.030309,-0.124945,0.000000,0.971815,0.235745,0.128568,0.233789,-0.963749),FOV=70.00,Time=0.6798},
{Pos=Vector3.new(-53.274,51.700,-924.899),Vel=Vector3.new(2.309,0.000,12.770),Move=Vector3.new(0.178,0,0.984),CFrame=CFrame.new(-58.023,61.481,-958.407,-0.990138,0.033882,-0.135940,0.000000,0.970315,0.241845,0.140099,0.239459,-0.960745),FOV=70.00,Time=0.7083},
{Pos=Vector3.new(-53.163,51.700,-924.278),Vel=Vector3.new(4.922,0.000,27.683),Move=Vector3.new(0.174,0,0.985),CFrame=CFrame.new(-58.356,61.901,-958.031,-0.988440,0.038503,-0.146639,0.000000,0.967215,0.253960,0.151610,0.251025,-0.956034),FOV=70.00,Time=0.7382},
{Pos=Vector3.new(-52.972,51.700,-923.223),Vel=Vector3.new(7.747,0.000,42.558),Move=Vector3.new(0.179,0,0.984),CFrame=CFrame.new(-58.245,61.901,-957.410,-0.988440,0.038503,-0.146639,0.000000,0.967215,0.253960,0.151610,0.251025,-0.956034),FOV=70.00,Time=0.7680},
{Pos=Vector3.new(-52.738,51.700,-921.936),Vel=Vector3.new(8.061,0.000,44.270),Move=Vector3.new(0.179,0,0.984),CFrame=CFrame.new(-58.054,61.901,-956.355,-0.988440,0.038503,-0.146639,0.000000,0.967215,0.253960,0.151610,0.251025,-0.956034),FOV=70.00,Time=0.7977},
{Pos=Vector3.new(-52.468,51.700,-920.460),Vel=Vector3.new(8.084,0.000,44.268),Move=Vector3.new(0.180,0,0.984),CFrame=CFrame.new(-57.820,61.901,-955.068,-0.988440,0.038503,-0.146639,0.000000,0.967215,0.253960,0.151610,0.251025,-0.956034),FOV=70.00,Time=0.8282},
{Pos=Vector3.new(-52.273,51.700,-919.352),Vel=Vector3.new(7.810,0.000,44.317),Move=Vector3.new(0.174,0,0.985),CFrame=CFrame.new(-57.550,61.901,-953.592,-0.988440,0.038503,-0.146639,0.000000,0.967215,0.253960,0.151610,0.251025,-0.956034),FOV=70.00,Time=0.8557},
{Pos=Vector3.new(-52.043,51.700,-917.870),Vel=Vector3.new(6.823,0.000,44.480),Move=Vector3.new(0.152,0,0.988),CFrame=CFrame.new(-57.354,61.901,-952.484,-0.988440,0.038503,-0.146639,0.000000,0.967215,0.253960,0.151610,0.251025,-0.956034),FOV=70.00,Time=0.8871},
{Pos=Vector3.new(-51.838,51.700,-916.384),Vel=Vector3.new(6.087,0.000,44.586),Move=Vector3.new(0.135,0,0.991),CFrame=CFrame.new(-57.125,61.901,-951.002,-0.988440,0.038503,-0.146639,0.000000,0.967215,0.253960,0.151610,0.251025,-0.956034),FOV=70.00,Time=0.9196},
{Pos=Vector3.new(-51.679,51.700,-915.081),Vel=Vector3.new(5.380,0.000,44.677),Move=Vector3.new(0.120,0,0.993),CFrame=CFrame.new(-56.920,61.901,-949.516,-0.988440,0.038503,-0.146639,0.000000,0.967215,0.253960,0.151610,0.251025,-0.956034),FOV=70.00,Time=0.9492},
{Pos=Vector3.new(-51.537,51.700,-913.588),Vel=Vector3.new(4.189,0.000,44.805),Move=Vector3.new(0.093,0,0.996),CFrame=CFrame.new(-56.761,61.901,-948.213,-0.988440,0.038503,-0.146639,0.000000,0.967215,0.253960,0.151610,0.251025,-0.956034),FOV=70.00,Time=0.9825},
{Pos=Vector3.new(-51.432,51.700,-912.280),Vel=Vector3.new(3.525,0.000,44.862),Move=Vector3.new(0.078,0,0.997),CFrame=CFrame.new(-56.619,61.901,-946.720,-0.988440,0.038503,-0.146639,0.000000,0.967215,0.253960,0.151610,0.251025,-0.956034),FOV=70.00,Time=1.0132},
{Pos=Vector3.new(-51.356,51.700,-910.970),Vel=Vector3.new(2.535,0.000,44.929),Move=Vector3.new(0.056,0,0.998),CFrame=CFrame.new(-56.514,61.901,-945.412,-0.988440,0.038503,-0.146639,0.000000,0.967215,0.253960,0.151610,0.251025,-0.956034),FOV=70.00,Time=1.0444},
{Pos=Vector3.new(-51.307,51.700,-909.658),Vel=Vector3.new(1.589,0.000,44.972),Move=Vector3.new(0.035,0,0.999),CFrame=CFrame.new(-56.438,61.901,-944.102,-0.988440,0.038503,-0.146639,0.000000,0.967215,0.253960,0.151610,0.251025,-0.956034),FOV=70.00,Time=1.0715},
{Pos=Vector3.new(-51.286,51.700,-908.158),Vel=Vector3.new(0.557,0.000,44.997),Move=Vector3.new(0.012,0,1.000),CFrame=CFrame.new(-56.389,61.901,-942.790,-0.988440,0.038503,-0.146639,0.000000,0.967215,0.253960,0.151610,0.251025,-0.956034),FOV=70.00,Time=1.1036},
{Pos=Vector3.new(-51.305,51.700,-906.846),Vel=Vector3.new(-0.767,0.000,44.993),Move=Vector3.new(-0.017,0,1.000),CFrame=CFrame.new(-56.368,61.901,-941.290,-0.988440,0.038503,-0.146639,0.000000,0.967215,0.253960,0.151610,0.251025,-0.956034),FOV=70.00,Time=1.1349},
{Pos=Vector3.new(-51.361,51.700,-905.347),Vel=Vector3.new(-1.754,0.000,44.966),Move=Vector3.new(-0.039,0,0.999),CFrame=CFrame.new(-56.387,61.901,-939.978,-0.988440,0.038503,-0.146639,0.000000,0.967215,0.253960,0.151610,0.251025,-0.956034),FOV=70.00,Time=1.1662},
{Pos=Vector3.new(-51.432,51.700,-904.036),Vel=Vector3.new(-2.495,0.000,44.931),Move=Vector3.new(-0.055,0,0.998),CFrame=CFrame.new(-56.443,61.901,-938.479,-0.988440,0.038503,-0.146639,0.000000,0.967215,0.253960,0.151610,0.251025,-0.956034),FOV=70.00,Time=1.1966},
{Pos=Vector3.new(-51.525,51.700,-902.539),Vel=Vector3.new(-2.802,0.000,44.913),Move=Vector3.new(-0.062,0,0.998),CFrame=CFrame.new(-56.514,61.901,-937.168,-0.988440,0.038503,-0.146639,0.000000,0.967215,0.253960,0.151610,0.251025,-0.956034),FOV=70.00,Time=1.2282},
{Pos=Vector3.new(-51.635,51.700,-901.231),Vel=Vector3.new(-3.866,0.000,44.834),Move=Vector3.new(-0.086,0,0.996),CFrame=CFrame.new(-56.607,61.901,-935.671,-0.988440,0.038503,-0.146639,0.000000,0.967215,0.253960,0.151610,0.251025,-0.956034),FOV=70.00,Time=1.2571},
{Pos=Vector3.new(-51.775,51.700,-899.926),Vel=Vector3.new(-4.888,0.000,44.734),Move=Vector3.new(-0.109,0,0.994),CFrame=CFrame.new(-56.717,61.901,-934.363,-0.988440,0.038503,-0.146639,0.000000,0.967215,0.253960,0.151610,0.251025,-0.956034),FOV=70.00,Time=1.2899},
{Pos=Vector3.new(-51.960,51.700,-898.438),Vel=Vector3.new(-5.616,0.000,44.648),Move=Vector3.new(-0.125,0,0.992),CFrame=CFrame.new(-56.857,61.901,-933.058,-0.988440,0.038503,-0.146639,0.000000,0.967215,0.253960,0.151610,0.251025,-0.956034),FOV=70.00,Time=1.3213},
{Pos=Vector3.new(-52.164,51.700,-896.952),Vel=Vector3.new(-6.156,0.000,44.577),Move=Vector3.new(-0.137,0,0.991),CFrame=CFrame.new(-57.042,61.901,-931.570,-0.988440,0.038503,-0.146639,0.000000,0.967215,0.253960,0.151610,0.251025,-0.956034),FOV=70.00,Time=1.3571},
{Pos=Vector3.new(-52.372,51.700,-895.466),Vel=Vector3.new(-6.246,0.000,44.564),Move=Vector3.new(-0.139,0,0.990),CFrame=CFrame.new(-57.246,61.901,-930.084,-0.988440,0.038503,-0.146639,0.000000,0.967215,0.253960,0.151610,0.251025,-0.956034),FOV=70.00,Time=1.3879},
{Pos=Vector3.new(-52.563,51.700,-893.979),Vel=Vector3.new(-5.682,0.000,44.640),Move=Vector3.new(-0.126,0,0.992),CFrame=CFrame.new(-57.454,61.901,-928.598,-0.988440,0.038503,-0.146639,0.000000,0.967215,0.253960,0.151610,0.251025,-0.956034),FOV=70.00,Time=1.4249},
{Pos=Vector3.new(-52.737,51.700,-892.489),Vel=Vector3.new(-5.178,0.000,44.701),Move=Vector3.new(-0.115,0,0.993),CFrame=CFrame.new(-57.645,61.901,-927.111,-0.988440,0.038503,-0.146639,0.000000,0.967215,0.253960,0.151610,0.251025,-0.956034),FOV=70.00,Time=1.4540},
{Pos=Vector3.new(-52.884,51.700,-890.996),Vel=Vector3.new(-4.364,0.000,44.788),Move=Vector3.new(-0.097,0,0.995),CFrame=CFrame.new(-57.819,61.901,-925.621,-0.988440,0.038503,-0.146639,0.000000,0.967215,0.253960,0.151610,0.251025,-0.956034),FOV=70.00,Time=1.4893},
{Pos=Vector3.new(-53.068,51.700,-888.753),Vel=Vector3.new(-3.629,0.000,44.853),Move=Vector3.new(-0.081,0,0.997),CFrame=CFrame.new(-57.531,63.141,-923.838,-0.990137,0.040594,-0.134090,0.000000,0.957102,0.289750,0.140100,0.286892,-0.947663),FOV=70.00,Time=1.5394},
{Pos=Vector3.new(-53.113,51.700,-888.005),Vel=Vector3.new(-2.577,0.000,44.926),Move=Vector3.new(-0.057,0,0.998),CFrame=CFrame.new(-57.291,64.139,-921.331,-0.991700,0.040952,-0.121874,0.000000,0.947916,0.318521,0.128570,0.315877,-0.940049),FOV=70.00,Time=1.5533},
{Pos=Vector3.new(-53.161,51.700,-886.505),Vel=Vector3.new(-1.350,0.000,44.980),Move=Vector3.new(-0.030,0,1.000),CFrame=CFrame.new(-57.319,64.526,-920.451,-0.991700,0.042391,-0.121381,0.000000,0.944081,0.329713,0.128570,0.326977,-0.936246),FOV=70.00,Time=1.5879},
{Pos=Vector3.new(-53.147,51.700,-885.193),Vel=Vector3.new(0.636,0.000,44.995),Move=Vector3.new(0.014,0,1.000),CFrame=CFrame.new(-56.582,65.291,-918.765,-0.994424,0.037098,-0.098718,0.000000,0.936083,0.351780,0.105459,0.349818,-0.930863),FOV=70.00,Time=1.6158},
{Pos=Vector3.new(-53.119,51.700,-883.693),Vel=Vector3.new(0.877,0.000,44.991),Move=Vector3.new(0.019,0,1.000),CFrame=CFrame.new(-56.179,65.665,-917.348,-0.995583,0.034038,-0.087494,0.000000,0.931958,0.362565,0.093882,0.360964,-0.927842),FOV=70.00,Time=1.6498},
{Pos=Vector3.new(-53.085,51.700,-882.194),Vel=Vector3.new(1.012,0.000,44.989),Move=Vector3.new(0.022,0,1.000),CFrame=CFrame.new(-56.151,65.665,-915.848,-0.995583,0.034038,-0.087494,0.000000,0.931958,0.362565,0.093882,0.360964,-0.927842),FOV=70.00,Time=1.6846},
{Pos=Vector3.new(-53.037,51.700,-880.695),Vel=Vector3.new(1.485,0.000,44.975),Move=Vector3.new(0.033,0,0.999),CFrame=CFrame.new(-56.117,65.665,-914.349,-0.995583,0.034038,-0.087494,0.000000,0.931958,0.362565,0.093882,0.360964,-0.927842),FOV=70.00,Time=1.7168},
{Pos=Vector3.new(-52.978,51.700,-879.196),Vel=Vector3.new(1.796,0.000,44.964),Move=Vector3.new(0.040,0,0.999),CFrame=CFrame.new(-56.069,65.665,-912.850,-0.995583,0.034038,-0.087494,0.000000,0.931958,0.362565,0.093882,0.360964,-0.927842),FOV=70.00,Time=1.7517},
{Pos=Vector3.new(-52.913,51.700,-877.697),Vel=Vector3.new(1.961,0.000,44.957),Move=Vector3.new(0.044,0,0.999),CFrame=CFrame.new(-56.010,65.665,-911.351,-0.995583,0.034038,-0.087494,0.000000,0.931958,0.362565,0.093882,0.360964,-0.927842),FOV=70.00,Time=1.7859},
{Pos=Vector3.new(-52.843,51.700,-876.199),Vel=Vector3.new(2.109,0.000,44.951),Move=Vector3.new(0.047,0,0.999),CFrame=CFrame.new(-55.945,65.665,-909.852,-0.995583,0.034038,-0.087494,0.000000,0.931958,0.362565,0.093882,0.360964,-0.927842),FOV=70.00,Time=1.8195},
{Pos=Vector3.new(-52.764,53.598,-874.513),Vel=Vector3.new(2.109,47.431,44.951),Move=Vector3.new(0.050,0,0.999),CFrame=CFrame.new(-55.875,65.665,-908.354,-0.995583,0.034038,-0.087494,0.000000,0.931958,0.362565,0.093882,0.360964,-0.927842),FOV=70.00,Time=1.8573},
{Pos=Vector3.new(-52.689,55.056,-873.015),Vel=Vector3.new(2.269,40.891,44.943),Move=Vector3.new(0.050,0,0.999),CFrame=CFrame.new(-55.796,67.563,-906.668,-0.995583,0.034038,-0.087494,0.000000,0.931958,0.362565,0.093882,0.360964,-0.927842),FOV=70.00,Time=1.8935},
{Pos=Vector3.new(-52.603,56.436,-871.330),Vel=Vector3.new(2.269,33.533,44.943),Move=Vector3.new(0.050,0,0.999),CFrame=CFrame.new(-55.721,69.021,-905.170,-0.995583,0.034038,-0.087494,0.000000,0.931958,0.362565,0.093882,0.360964,-0.927842),FOV=70.00,Time=1.9237},
{Pos=Vector3.new(-52.532,57.432,-869.831),Vel=Vector3.new(2.122,26.993,44.950),Move=Vector3.new(0.047,0,0.999),CFrame=CFrame.new(-55.636,70.401,-903.485,-0.995583,0.034038,-0.087494,0.000000,0.931958,0.362565,0.093882,0.360964,-0.927842),FOV=70.00,Time=1.9600},
{Pos=Vector3.new(-52.466,58.209,-868.333),Vel=Vector3.new(1.975,20.453,44.957),Move=Vector3.new(0.044,0,0.999),CFrame=CFrame.new(-55.565,71.396,-901.986,-0.995583,0.034038,-0.087494,0.000000,0.931958,0.362565,0.093882,0.360964,-0.927842),FOV=70.00,Time=1.9931},
{Pos=Vector3.new(-52.405,58.768,-866.834),Vel=Vector3.new(1.827,13.913,44.963),Move=Vector3.new(0.041,0,0.999),CFrame=CFrame.new(-55.498,72.174,-900.488,-0.995583,0.034038,-0.087494,0.000000,0.931958,0.362565,0.093882,0.360964,-0.927842),FOV=70.00,Time=2.0263},
{Pos=Vector3.new(-52.344,59.109,-865.336),Vel=Vector3.new(1.827,7.373,44.963),Move=Vector3.new(0.041,0,0.999),CFrame=CFrame.new(-55.437,72.733,-898.989,-0.995583,0.034038,-0.087494,0.000000,0.931958,0.362565,0.093882,0.360964,-0.927842),FOV=70.00,Time=2.0609},
{Pos=Vector3.new(-52.288,59.232,-863.836),Vel=Vector3.new(1.678,0.833,44.969),Move=Vector3.new(0.037,0,0.999),CFrame=CFrame.new(-55.376,73.074,-897.490,-0.995583,0.034038,-0.087494,0.000000,0.931958,0.362565,0.093882,0.360964,-0.927842),FOV=70.00,Time=2.0937},
{Pos=Vector3.new(-52.241,59.137,-862.337),Vel=Vector3.new(1.386,-5.707,44.979),Move=Vector3.new(0.031,0,1.000),CFrame=CFrame.new(-55.320,73.197,-895.991,-0.995583,0.034038,-0.087494,0.000000,0.931958,0.362565,0.093882,0.360964,-0.927842),FOV=70.00,Time=2.1263},
{Pos=Vector3.new(-52.195,58.824,-860.838),Vel=Vector3.new(1.377,-12.247,44.979),Move=Vector3.new(0.031,0,1.000),CFrame=CFrame.new(-55.273,73.102,-894.492,-0.995583,0.034038,-0.087494,0.000000,0.931958,0.362565,0.093882,0.360964,-0.927842),FOV=70.00,Time=2.1618},
{Pos=Vector3.new(-52.167,58.294,-859.338),Vel=Vector3.new(0.798,-18.787,44.993),Move=Vector3.new(0.018,0,1.000),CFrame=CFrame.new(-55.227,72.789,-892.993,-0.995583,0.034038,-0.087494,0.000000,0.931958,0.362565,0.093882,0.360964,-0.927842),FOV=70.00,Time=2.1941},
{Pos=Vector3.new(-52.158,57.545,-857.838),Vel=Vector3.new(0.203,-25.327,45.000),Move=Vector3.new(0.005,0,1.000),CFrame=CFrame.new(-55.199,72.259,-891.493,-0.995583,0.034038,-0.087494,0.000000,0.931958,0.362565,0.093882,0.360964,-0.927842),FOV=70.00,Time=2.2268},
{Pos=Vector3.new(-52.169,56.711,-856.525),Vel=Vector3.new(-0.398,-31.049,44.998),Move=Vector3.new(-0.009,0,1.000),CFrame=CFrame.new(-55.191,71.510,-889.993,-0.995583,0.034038,-0.087494,0.000000,0.931958,0.362565,0.093882,0.360964,-0.927842),FOV=70.00,Time=2.2561},
{Pos=Vector3.new(-52.213,55.553,-855.026),Vel=Vector3.new(-1.419,-37.589,44.978),Move=Vector3.new(-0.032,0,1.000),CFrame=CFrame.new(-55.201,70.676,-888.680,-0.995583,0.034038,-0.087494,0.000000,0.931958,0.362565,0.093882,0.360964,-0.927842),FOV=70.00,Time=2.2912},
{Pos=Vector3.new(-52.279,54.178,-853.528),Vel=Vector3.new(-2.031,-44.129,44.954),Move=Vector3.new(-0.045,0,0.999),CFrame=CFrame.new(-55.245,69.518,-887.181,-0.995583,0.034038,-0.087494,0.000000,0.931958,0.362565,0.093882,0.360964,-0.927842),FOV=70.00,Time=2.3224},
{Pos=Vector3.new(-52.360,52.584,-852.030),Vel=Vector3.new(-2.461,-50.669,44.933),Move=Vector3.new(-0.055,0,0.999),CFrame=CFrame.new(-55.311,68.142,-885.682,-0.995583,0.034038,-0.087494,0.000000,0.931958,0.362565,0.093882,0.360964,-0.927842),FOV=70.00,Time=2.3565},
{Pos=Vector3.new(-52.460,51.318,-850.533),Vel=Vector3.new(-3.032,-0.894,44.898),Move=Vector3.new(-0.067,0,0.998),CFrame=CFrame.new(-55.392,66.549,-884.185,-0.995583,0.034038,-0.087494,0.000000,0.931958,0.362565,0.093882,0.360964,-0.927842),FOV=70.00,Time=2.3894},
{Pos=Vector3.new(-52.568,51.544,-849.037),Vel=Vector3.new(-3.269,5.742,44.881),Move=Vector3.new(-0.073,0,0.997),CFrame=CFrame.new(-55.492,65.283,-882.688,-0.995583,0.034038,-0.087494,0.000000,0.931958,0.362565,0.093882,0.360964,-0.927842),FOV=70.00,Time=2.4222},
{Pos=Vector3.new(-52.677,51.653,-847.541),Vel=Vector3.new(-3.269,1.853,44.881),Move=Vector3.new(-0.073,0,0.997),CFrame=CFrame.new(-55.600,65.509,-881.192,-0.995583,0.034038,-0.087494,0.000000,0.931958,0.362565,0.093882,0.360964,-0.927842),FOV=70.00,Time=2.4574},
{Pos=Vector3.new(-52.784,51.686,-846.045),Vel=Vector3.new(-3.198,0.553,44.886),Move=Vector3.new(-0.071,0,0.997),CFrame=CFrame.new(-55.709,65.618,-879.696,-0.995583,0.034038,-0.087494,0.000000,0.931958,0.362565,0.093882,0.360964,-0.927842),FOV=70.00,Time=2.4912},
{Pos=Vector3.new(-52.885,51.696,-844.548),Vel=Vector3.new(-3.013,0.164,44.899),Move=Vector3.new(-0.067,0,0.998),CFrame=CFrame.new(-55.816,65.651,-878.200,-0.995583,0.034038,-0.087494,0.000000,0.931958,0.362565,0.093882,0.360964,-0.927842),FOV=70.00,Time=2.5189},
{Pos=Vector3.new(-52.972,51.699,-843.239),Vel=Vector3.new(-2.990,0.057,44.901),Move=Vector3.new(-0.066,0,0.998),CFrame=CFrame.new(-55.917,65.661,-876.703,-0.995583,0.034038,-0.087494,0.000000,0.931958,0.362565,0.093882,0.360964,-0.927842),FOV=70.00,Time=2.5499},
{Pos=Vector3.new(-53.072,51.700,-841.742),Vel=Vector3.new(-2.990,0.017,44.901),Move=Vector3.new(-0.066,0,0.998),CFrame=CFrame.new(-56.004,65.663,-875.394,-0.995583,0.034038,-0.087494,0.000000,0.931958,0.362565,0.093882,0.360964,-0.927842),FOV=70.00,Time=2.5834},
{Pos=Vector3.new(-53.159,53.178,-840.433),Vel=Vector3.new(-2.785,48.248,44.914),Move=Vector3.new(-0.062,0,0.998),CFrame=CFrame.new(-56.104,65.665,-873.897,-0.995583,0.034038,-0.087494,0.000000,0.931958,0.362565,0.093882,0.360964,-0.927842),FOV=70.00,Time=2.6134},
{Pos=Vector3.new(-53.240,54.490,-839.123),Vel=Vector3.new(-2.764,42.526,44.915),Move=Vector3.new(-0.061,0,0.998),CFrame=CFrame.new(-56.191,67.143,-872.588,-0.995583,0.034038,-0.087494,0.000000,0.931958,0.362565,0.093882,0.360964,-0.927842),FOV=70.00,Time=2.6426},
{Pos=Vector3.new(-53.320,55.969,-837.813),Vel=Vector3.new(-2.721,48.248,44.918),Move=Vector3.new(-0.060,0,0.998),CFrame=CFrame.new(-56.272,68.455,-871.278,-0.995583,0.034038,-0.087494,0.000000,0.931958,0.362565,0.093882,0.360964,-0.927842),FOV=70.00,Time=2.6721},
{Pos=Vector3.new(-53.399,57.281,-836.503),Vel=Vector3.new(-2.700,42.526,44.919),Move=Vector3.new(-0.060,0,0.998),CFrame=CFrame.new(-56.352,69.934,-869.968,-0.995583,0.034038,-0.087494,0.000000,0.931958,0.362565,0.093882,0.360964,-0.927842),FOV=70.00,Time=2.7004},
{Pos=Vector3.new(-53.473,58.426,-835.193),Vel=Vector3.new(-2.543,36.803,44.928),Move=Vector3.new(-0.057,0,0.998),CFrame=CFrame.new(-56.431,71.246,-868.658,-0.995583,0.034038,-0.087494,0.000000,0.931958,0.362565,0.093882,0.360964,-0.927842),FOV=70.00,Time=2.7279},
{Pos=Vector3.new(-53.547,59.404,-833.882),Vel=Vector3.new(-2.522,31.081,44.929),Move=Vector3.new(-0.056,0,0.998),CFrame=CFrame.new(-56.506,72.391,-867.348,-0.995583,0.034038,-0.087494,0.000000,0.931958,0.362565,0.093882,0.360964,-0.927842),FOV=70.00,Time=2.7571},
{Pos=Vector3.new(-53.607,60.109,-832.759),Vel=Vector3.new(-2.366,26.176,44.938),Move=Vector3.new(-0.053,0,0.999),CFrame=CFrame.new(-56.579,73.369,-866.037,-0.995583,0.034038,-0.087494,0.000000,0.931958,0.362565,0.093882,0.360964,-0.927842),FOV=70.00,Time=2.7844},
{Pos=Vector3.new(-53.666,60.692,-831.635),Vel=Vector3.new(-2.366,21.271,44.938),Move=Vector3.new(-0.053,0,0.999),CFrame=CFrame.new(-56.639,74.074,-864.914,-0.995583,0.034038,-0.087494,0.000000,0.931958,0.362565,0.093882,0.360964,-0.927842),FOV=70.00,Time=2.8102},
{Pos=Vector3.new(-53.730,61.217,-830.324),Vel=Vector3.new(-2.192,15.548,44.947),Move=Vector3.new(-0.049,0,0.999),CFrame=CFrame.new(-56.698,74.657,-863.790,-0.995583,0.034038,-0.087494,0.000000,0.931958,0.362565,0.093882,0.360964,-0.927842),FOV=70.00,Time=2.8373},
{Pos=Vector3.new(-53.782,61.534,-829.200),Vel=Vector3.new(-2.058,10.643,44.953),Move=Vector3.new(-0.046,0,0.999),CFrame=CFrame.new(-56.762,75.182,-862.479,-0.995583,0.034038,-0.087494,0.000000,0.931958,0.362565,0.093882,0.360964,-0.927842),FOV=70.00,Time=2.8638},
{Pos=Vector3.new(-53.830,61.729,-828.077),Vel=Vector3.new(-1.904,5.738,44.960),Move=Vector3.new(-0.042,0,0.999),CFrame=CFrame.new(-56.814,75.499,-861.355,-0.995583,0.034038,-0.087494,0.000000,0.931958,0.362565,0.093882,0.360964,-0.927842),FOV=70.00,Time=2.8893},
{Pos=Vector3.new(-53.866,61.801,-826.765),Vel=Vector3.new(-1.181,0.016,44.985),Move=Vector3.new(-0.026,0,1.000),CFrame=CFrame.new(-56.862,75.694,-860.232,-0.995583,0.034038,-0.087494,0.000000,0.931958,0.362565,0.093882,0.360964,-0.927842),FOV=70.00,Time=2.9174},
{Pos=Vector3.new(-53.883,61.730,-825.640),Vel=Vector3.new(-0.630,-4.889,44.996),Move=Vector3.new(-0.014,0,1.000),CFrame=CFrame.new(-56.898,75.766,-858.919,-0.995583,0.034038,-0.087494,0.000000,0.931958,0.362565,0.093882,0.360964,-0.927842),FOV=70.00,Time=2.9410},
{Pos=Vector3.new(-53.886,61.536,-824.515),Vel=Vector3.new(-0.055,-9.794,45.000),Move=Vector3.new(-0.001,0,1.000),CFrame=CFrame.new(-56.915,75.695,-857.795,-0.995583,0.034038,-0.087494,0.000000,0.931958,0.362565,0.093882,0.360964,-0.927842),FOV=70.00,Time=2.9663},
{Pos=Vector3.new(-53.878,61.220,-823.390),Vel=Vector3.new(0.355,-14.699,44.999),Move=Vector3.new(0.008,0,1.000),CFrame=CFrame.new(-56.918,75.501,-856.670,-0.995583,0.034038,-0.087494,0.000000,0.931958,0.362565,0.093882,0.360964,-0.927842),FOV=70.00,Time=2.9926},
{Pos=Vector3.new(-53.857,60.781,-822.265),Vel=Vector3.new(0.909,-19.604,44.991),Move=Vector3.new(0.020,0,1.000),CFrame=CFrame.new(-56.910,75.185,-855.545,-0.995583,0.034038,-0.087494,0.000000,0.931958,0.362565,0.093882,0.360964,-0.927842),FOV=70.00,Time=3.0185},
{Pos=Vector3.new(-53.988,60.355,-821.879),Vel=Vector3.new(1.314,-16.079,44.981),Move=Vector3.new(0.029,0,1.000),CFrame=CFrame.new(-56.889,74.746,-854.420,-0.995583,0.034038,-0.087494,0.000000,0.931958,0.362565,0.093882,0.360964,-0.927842),FOV=70.00,Time=3.0394},
{Pos=Vector3.new(-54.125,59.992,-821.622),Vel=Vector3.new(1.447,-14.305,44.977),Move=Vector3.new(0.032,0,0.999),CFrame=CFrame.new(-57.072,74.308,-854.211,-0.995583,0.034038,-0.087494,0.000000,0.931958,0.362565,0.093882,0.360964,-0.927842),FOV=70.00,Time=3.0687},
{Pos=Vector3.new(-54.078,59.574,-820.433),Vel=Vector3.new(1.447,-19.210,44.977),Move=Vector3.new(0.032,0,0.999),CFrame=CFrame.new(-57.217,73.906,-854.148,-0.995583,0.034038,-0.087494,0.000000,0.931958,0.362565,0.093882,0.360964,-0.927842),FOV=70.00,Time=3.0896},
{Pos=Vector3.new(-52.342,62.667,-820.535),Vel=Vector3.new(0.000,0.000,0.000),Move=Vector3.new(0.035,0,0.999),CFrame=CFrame.new(-57.125,73.536,-852.680,-0.995583,0.034038,-0.087494,0.000000,0.931958,0.362565,0.093882,0.360964,-0.927842),FOV=70.00,Time=3.1146},
{Pos=Vector3.new(-52.342,62.667,-820.535),Vel=Vector3.new(0.000,0.000,0.000),Move=Vector3.new(0.035,0,0.999),CFrame=CFrame.new(-55.374,76.632,-852.690,-0.995583,0.034038,-0.087494,0.000000,0.931958,0.362565,0.093882,0.360964,-0.927842),FOV=70.00,Time=3.1380},
{Pos=Vector3.new(-52.342,62.667,-820.535),Vel=Vector3.new(0.000,0.000,0.000),Move=Vector3.new(0.032,0,0.999),CFrame=CFrame.new(-55.374,76.632,-852.690,-0.995583,0.034038,-0.087494,0.000000,0.931958,0.362565,0.093882,0.360964,-0.927842),FOV=70.00,Time=3.1649},
{Pos=Vector3.new(-52.342,62.667,-820.535),Vel=Vector3.new(0.000,0.000,0.000),Move=Vector3.new(0.029,0,1.000),CFrame=CFrame.new(-55.374,76.632,-852.690,-0.995583,0.034038,-0.087494,0.000000,0.931958,0.362565,0.093882,0.360964,-0.927842),FOV=70.00,Time=3.1858},
{Pos=Vector3.new(-52.342,62.667,-820.535),Vel=Vector3.new(0.000,0.000,0.000),Move=Vector3.new(0.028,0,1.000),CFrame=CFrame.new(-55.374,76.632,-852.690,-0.995583,0.034038,-0.087494,0.000000,0.931958,0.362565,0.093882,0.360964,-0.927842),FOV=70.00,Time=3.2078},
{Pos=Vector3.new(-52.342,62.667,-820.535),Vel=Vector3.new(0.000,0.000,0.000),Move=Vector3.new(0.025,0,1.000),CFrame=CFrame.new(-55.374,76.632,-852.690,-0.995583,0.034038,-0.087494,0.000000,0.931958,0.362565,0.093882,0.360964,-0.927842),FOV=70.00,Time=3.2327},
{Pos=Vector3.new(-52.342,62.667,-820.535),Vel=Vector3.new(0.000,0.000,0.000),Move=Vector3.new(0.025,0,1.000),CFrame=CFrame.new(-54.593,77.734,-852.302,-0.997498,0.027878,-0.064961,0.000000,0.918950,0.394375,0.070690,0.393388,-0.916651),FOV=70.00,Time=3.2540},
{Pos=Vector3.new(-52.342,62.667,-820.535),Vel=Vector3.new(0.000,0.000,0.000),Move=Vector3.new(0.001,0,1.000),CFrame=CFrame.new(-54.530,79.666,-851.404,-0.997498,0.031820,-0.063123,0.000000,0.892958,0.450139,0.070690,0.449013,-0.890724),FOV=70.00,Time=3.2780},
{Pos=Vector3.new(-52.342,62.667,-820.535),Vel=Vector3.new(0.000,0.000,0.000),Move=Vector3.new(0.004,0,1.000),CFrame=CFrame.new(-54.145,80.490,-850.999,-0.998253,0.027998,-0.052024,0.000000,0.880574,0.473910,0.059080,0.473082,-0.879035),FOV=70.00,Time=3.3003},
{Pos=Vector3.new(-52.342,62.667,-820.535),Vel=Vector3.new(0.000,0.000,0.000),Move=Vector3.new(-0.008,0,1.000),CFrame=CFrame.new(-54.135,80.810,-850.825,-0.998253,0.028544,-0.051727,0.000000,0.875538,0.483150,0.059080,0.482306,-0.874008),FOV=70.00,Time=3.3234},
{Pos=Vector3.new(-52.342,62.667,-820.535),Vel=Vector3.new(0.000,0.000,0.000),Move=Vector3.new(-0.005,0,1.000),CFrame=CFrame.new(-54.119,81.284,-850.559,-0.998253,0.029351,-0.051273,0.000000,0.867860,0.496809,0.059080,0.495941,-0.866344),FOV=70.00,Time=3.3476},
{Pos=Vector3.new(-52.342,62.667,-820.535),Vel=Vector3.new(0.000,0.000,0.000),Move=Vector3.new(-0.002,0,1.000),CFrame=CFrame.new(-54.114,81.439,-850.470,-0.998253,0.029616,-0.051121,0.000000,0.865282,0.501286,0.059080,0.500410,-0.863770),FOV=70.00,Time=3.3729},
{Pos=Vector3.new(-52.342,62.667,-820.535),Vel=Vector3.new(0.000,0.000,0.000),Move=Vector3.new(-0.002,0,1.000),CFrame=CFrame.new(-54.108,81.593,-850.380,-0.998253,0.029879,-0.050967,0.000000,0.862690,0.505733,0.059080,0.504850,-0.861183),FOV=70.00,Time=3.3959},
{Pos=Vector3.new(-52.342,62.667,-820.535),Vel=Vector3.new(0.000,0.000,0.000),Move=Vector3.new(0.001,0,1.000),CFrame=CFrame.new(-53.761,81.593,-850.399,-0.998873,0.024002,-0.040943,0.000000,0.862690,0.505733,0.047459,0.505163,-0.861718),FOV=70.00,Time=3.4186},
{Pos=Vector3.new(-52.342,62.667,-820.535),Vel=Vector3.new(0.000,0.000,0.000),Move=Vector3.new(-0.004,0,1.000),CFrame=CFrame.new(-53.761,81.593,-850.399,-0.998873,0.024002,-0.040943,0.000000,0.862690,0.505733,0.047459,0.505163,-0.861718),FOV=70.00,Time=3.4428},
{Pos=Vector3.new(-52.342,62.667,-820.535),Vel=Vector3.new(0.000,0.000,0.000),Move=Vector3.new(-0.001,0,1.000),CFrame=CFrame.new(-53.761,81.593,-850.399,-0.998873,0.024002,-0.040943,0.000000,0.862690,0.505733,0.047459,0.505163,-0.861718),FOV=70.00,Time=3.4673},
{Pos=Vector3.new(-52.342,62.667,-820.535),Vel=Vector3.new(0.000,0.000,0.000),Move=Vector3.new(0.002,0,1.000),CFrame=CFrame.new(-53.761,81.593,-850.399,-0.998873,0.024002,-0.040943,0.000000,0.862690,0.505733,0.047459,0.505163,-0.861718),FOV=70.00,Time=3.4905},
{Pos=Vector3.new(-52.342,62.667,-820.535),Vel=Vector3.new(0.000,0.000,0.000),Move=Vector3.new(0.005,0,1.000),CFrame=CFrame.new(-53.761,81.593,-850.399,-0.998873,0.024002,-0.040943,0.000000,0.862690,0.505733,0.047459,0.505163,-0.861718),FOV=70.00,Time=3.5143},
{Pos=Vector3.new(-52.342,62.667,-820.535),Vel=Vector3.new(0.000,0.000,0.000),Move=Vector3.new(0.008,0,1.000),CFrame=CFrame.new(-53.761,81.593,-850.399,-0.998873,0.024002,-0.040943,0.000000,0.862690,0.505733,0.047459,0.505163,-0.861718),FOV=70.00,Time=3.5377},
{Pos=Vector3.new(-52.342,62.667,-820.535),Vel=Vector3.new(0.000,0.000,0.000),Move=Vector3.new(0.008,0,1.000),CFrame=CFrame.new(-53.761,81.593,-850.399,-0.998873,0.024002,-0.040943,0.000000,0.862690,0.505733,0.047459,0.505163,-0.861718),FOV=70.00,Time=3.5602},
{Pos=Vector3.new(-52.342,62.667,-820.535),Vel=Vector3.new(0.000,0.000,0.000),Move=Vector3.new(0.008,0,1.000),CFrame=CFrame.new(-53.761,81.593,-850.399,-0.998873,0.024002,-0.040943,0.000000,0.862690,0.505733,0.047459,0.505163,-0.861718),FOV=70.00,Time=3.5843},
{Pos=Vector3.new(-52.342,62.667,-820.535),Vel=Vector3.new(0.000,0.000,0.000),Move=Vector3.new(0.005,0,1.000),CFrame=CFrame.new(-53.761,81.593,-850.399,-0.998873,0.024002,-0.040943,0.000000,0.862690,0.505733,0.047459,0.505163,-0.861718),FOV=70.00,Time=3.6088},
{Pos=Vector3.new(-52.342,62.667,-820.535),Vel=Vector3.new(0.000,0.000,0.000),Move=Vector3.new(0.005,0,1.000),CFrame=CFrame.new(-53.761,81.593,-850.399,-0.998873,0.024002,-0.040943,0.000000,0.862690,0.505733,0.047459,0.505163,-0.861718),FOV=70.00,Time=3.6306},
{Pos=Vector3.new(-52.342,62.667,-820.535),Vel=Vector3.new(0.000,0.000,0.000),Move=Vector3.new(0.001,0,1.000),CFrame=CFrame.new(-53.761,81.593,-850.399,-0.998873,0.024002,-0.040943,0.000000,0.862690,0.505733,0.047459,0.505163,-0.861718),FOV=70.00,Time=3.6561},
{Pos=Vector3.new(-52.342,62.667,-820.535),Vel=Vector3.new(0.000,0.000,0.000),Move=Vector3.new(-0.002,0,1.000),CFrame=CFrame.new(-53.761,81.593,-850.399,-0.998873,0.024002,-0.040943,0.000000,0.862690,0.505733,0.047459,0.505163,-0.861718),FOV=70.00,Time=3.6781},
{Pos=Vector3.new(-52.342,62.667,-820.535),Vel=Vector3.new(0.000,0.000,0.000),Move=Vector3.new(-0.005,0,1.000),CFrame=CFrame.new(-53.761,81.593,-850.399,-0.998873,0.024002,-0.040943,0.000000,0.862690,0.505733,0.047459,0.505163,-0.861718),FOV=70.00,Time=3.7023},
{Pos=Vector3.new(-52.342,62.667,-820.535),Vel=Vector3.new(0.000,0.000,0.000),Move=Vector3.new(-0.005,0,1.000),CFrame=CFrame.new(-53.761,81.593,-850.399,-0.998873,0.024002,-0.040943,0.000000,0.862690,0.505733,0.047459,0.505163,-0.861718),FOV=70.00,Time=3.7262},
{Pos=Vector3.new(-52.342,62.667,-820.535),Vel=Vector3.new(0.000,0.000,0.000),Move=Vector3.new(0.000,0,0.000),CFrame=CFrame.new(-53.761,81.593,-850.399,-0.998873,0.024002,-0.040943,0.000000,0.862690,0.505733,0.047459,0.505163,-0.861718),FOV=70.00,Time=3.7493},
{Pos=Vector3.new(-52.342,62.667,-820.535),Vel=Vector3.new(0.000,0.000,0.000),Move=Vector3.new(0.000,0,0.000),CFrame=CFrame.new(-53.761,81.593,-850.399,-0.998873,0.024002,-0.040943,0.000000,0.862690,0.505733,0.047459,0.505163,-0.861718),FOV=70.00,Time=3.7727},
{Pos=Vector3.new(-52.342,62.667,-820.535),Vel=Vector3.new(0.000,0.000,0.000),Move=Vector3.new(0.000,0,0.000),CFrame=CFrame.new(-53.761,81.593,-850.399,-0.998873,0.024002,-0.040943,0.000000,0.862690,0.505733,0.047459,0.505163,-0.861718),FOV=70.00,Time=3.7957},
{Pos=Vector3.new(-52.342,62.667,-820.535),Vel=Vector3.new(0.000,0.000,0.000),Move=Vector3.new(0.000,0,0.000),CFrame=CFrame.new(-53.761,81.593,-850.399,-0.998873,0.024002,-0.040943,0.000000,0.862690,0.505733,0.047459,0.505163,-0.861718),FOV=70.00,Time=3.8189},
{Pos=Vector3.new(-52.342,62.667,-820.535),Vel=Vector3.new(0.000,0.000,0.000),Move=Vector3.new(0.000,0,0.000),CFrame=CFrame.new(-53.761,81.593,-850.399,-0.998873,0.024002,-0.040943,0.000000,0.862690,0.505733,0.047459,0.505163,-0.861718),FOV=70.00,Time=3.8437},
{Pos=Vector3.new(-52.342,62.667,-820.535),Vel=Vector3.new(0.000,0.000,0.000),Move=Vector3.new(0.000,0,0.000),CFrame=CFrame.new(-53.761,81.593,-850.399,-0.998873,0.024002,-0.040943,0.000000,0.862690,0.505733,0.047459,0.505163,-0.861718),FOV=70.00,Time=3.8660},
{Pos=Vector3.new(-52.342,62.667,-820.535),Vel=Vector3.new(0.000,0.000,0.000),Move=Vector3.new(0.000,0,0.000),CFrame=CFrame.new(-53.761,81.593,-850.399,-0.998873,0.024002,-0.040943,0.000000,0.862690,0.505733,0.047459,0.505163,-0.861718),FOV=70.00,Time=3.8916},
{Pos=Vector3.new(-52.342,63.944,-820.535),Vel=Vector3.new(0.000,49.066,0.000),Move=Vector3.new(0.000,0,0.000),CFrame=CFrame.new(-53.761,81.593,-850.399,-0.998873,0.024002,-0.040943,0.000000,0.862690,0.505733,0.047459,0.505163,-0.861718),FOV=70.00,Time=3.9166},
{Pos=Vector3.new(-52.342,65.099,-820.535),Vel=Vector3.new(0.000,44.161,0.000),Move=Vector3.new(0.000,0,0.000),CFrame=CFrame.new(-53.761,82.871,-850.399,-0.998873,0.024002,-0.040943,0.000000,0.862690,0.505733,0.047459,0.505163,-0.861718),FOV=70.00,Time=3.9411},
{Pos=Vector3.new(-52.342,66.377,-820.535),Vel=Vector3.new(0.000,49.066,0.000),Move=Vector3.new(0.000,0,0.000),CFrame=CFrame.new(-53.761,84.026,-850.399,-0.998873,0.024002,-0.040943,0.000000,0.862690,0.505733,0.047459,0.505163,-0.861718),FOV=70.00,Time=3.9650},
{Pos=Vector3.new(-52.342,67.348,-820.535),Vel=Vector3.new(0.000,44.978,0.000),Move=Vector3.new(0.000,0,0.000),CFrame=CFrame.new(-53.761,85.304,-850.399,-0.998873,0.024002,-0.040943,0.000000,0.862690,0.505733,0.047459,0.505163,-0.861718),FOV=70.00,Time=3.9885},
{Pos=Vector3.new(-52.342,68.626,-820.535),Vel=Vector3.new(-17.782,49.066,-41.337),Move=Vector3.new(-0.395,0,-0.919),CFrame=CFrame.new(-53.761,86.275,-850.399,-0.998873,0.024002,-0.040943,0.000000,0.862690,0.505733,0.047459,0.505163,-0.861718),FOV=70.00,Time=4.0108},
{Pos=Vector3.new(-52.787,69.781,-821.517),Vel=Vector3.new(-22.749,44.161,-38.827),Move=Vector3.new(-0.506,0,-0.863),CFrame=CFrame.new(-53.761,87.553,-850.399,-0.998873,0.024002,-0.040943,0.000000,0.862690,0.505733,0.047459,0.505163,-0.861718),FOV=70.00,Time=4.0355},
{Pos=Vector3.new(-53.293,70.650,-822.305),Vel=Vector3.new(-25.975,40.073,-36.746),Move=Vector3.new(-0.577,0,-0.817),CFrame=CFrame.new(-54.206,88.708,-851.380,-0.998873,0.024002,-0.040943,0.000000,0.862690,0.505733,0.047459,0.505163,-0.861718),FOV=70.00,Time=4.0588},
{Pos=Vector3.new(-53.982,71.580,-823.190),Vel=Vector3.new(-32.097,35.168,-31.541),Move=Vector3.new(-0.713,0,-0.701),CFrame=CFrame.new(-54.712,89.577,-852.169,-0.998873,0.024002,-0.040943,0.000000,0.862690,0.505733,0.047459,0.505163,-0.861718),FOV=70.00,Time=4.0826},
{Pos=Vector3.new(-54.819,72.388,-823.940),Vel=Vector3.new(-35.262,30.263,-27.957),Move=Vector3.new(-0.784,0,-0.621),CFrame=CFrame.new(-55.401,90.507,-853.054,-0.998873,0.024002,-0.040943,0.000000,0.862690,0.505733,0.047459,0.505163,-0.861718),FOV=70.00,Time=4.1068},
{Pos=Vector3.new(-55.720,73.073,-824.590),Vel=Vector3.new(-44.813,25.358,-4.097),Move=Vector3.new(-0.996,0,-0.091),CFrame=CFrame.new(-56.238,91.315,-853.803,-0.998873,0.024002,-0.040943,0.000000,0.862690,0.505733,0.047459,0.505163,-0.861718),FOV=70.00,Time=4.1316},
{Pos=Vector3.new(-56.648,73.550,-824.639),Vel=Vector3.new(-42.320,21.271,15.297),Move=Vector3.new(-0.940,0,0.340),CFrame=CFrame.new(-57.139,92.000,-854.454,-0.998873,0.024002,-0.040943,0.000000,0.862690,0.505733,0.047459,0.505163,-0.861718),FOV=70.00,Time=4.1547},
{Pos=Vector3.new(-57.673,74.011,-824.216),Vel=Vector3.new(-22.765,16.366,38.817),Move=Vector3.new(-0.506,0,0.863),CFrame=CFrame.new(-58.067,92.477,-854.502,-0.998873,0.024002,-0.040943,0.000000,0.862690,0.505733,0.047459,0.505163,-0.861718),FOV=70.00,Time=4.1805},
{Pos=Vector3.new(-58.195,74.348,-823.223),Vel=Vector3.new(-16.574,11.461,41.837),Move=Vector3.new(-0.368,0,0.930),CFrame=CFrame.new(-59.092,92.937,-854.079,-0.998873,0.024002,-0.040943,0.000000,0.862690,0.505733,0.047459,0.505163,-0.861718),FOV=70.00,Time=4.2046},
{Pos=Vector3.new(-58.560,74.563,-822.162),Vel=Vector3.new(-9.817,6.556,43.916),Move=Vector3.new(-0.218,0,0.976),CFrame=CFrame.new(-59.614,93.275,-853.086,-0.998873,0.024002,-0.040943,0.000000,0.862690,0.505733,0.047459,0.505163,-0.861718),FOV=70.00,Time=4.2279},
{Pos=Vector3.new(-58.756,74.656,-821.054),Vel=Vector3.new(-6.558,1.651,44.520),Move=Vector3.new(-0.146,0,0.989),CFrame=CFrame.new(-59.979,93.490,-852.025,-0.998873,0.024002,-0.040943,0.000000,0.862690,0.505733,0.047459,0.505163,-0.861718),FOV=70.00,Time=4.2531},
