local RunService = game:GetService("RunService")
local Players = game:GetService("Players")
local lp = Players.LocalPlayer
local cam = workspace.CurrentCamera
local char = lp.Character or lp.CharacterAdded:Wait()
local hrp = char:WaitForChild("HumanoidRootPart")
local hum = char:WaitForChild("Humanoid")

local originalCamType = cam.CameraType
local originalAutoRotate = hum.AutoRotate
local originalWalkSpeed = hum.WalkSpeed
local originalHipHeight = hum.HipHeight

hum.AutoRotate = false
cam.CameraType = Enum.CameraType.Scriptable

local frames = {
{Pos=Vector3.new(-1132.262,1845.149,177.270),Vel=Vector3.new(0.000,0.010,0.000),Move=Vector3.new(0.000,0,0.000),CFrame=CFrame.new(-1133.765,1853.262,156.263,-0.997451,0.021230,-0.068131,0.000000,0.954722,0.297498,0.071362,0.296740,-0.952288),FOV=70.00,Time=0.0000,WalkSpeed=32.50},
{Pos=Vector3.new(-1132.262,1845.149,177.270),Vel=Vector3.new(0.000,0.010,0.000),Move=Vector3.new(0.000,0,0.000),CFrame=CFrame.new(-1133.765,1853.262,156.263,-0.997451,0.021230,-0.068131,0.000000,0.954722,0.297498,0.071362,0.296740,-0.952288),FOV=70.00,Time=0.0167,WalkSpeed=32.50},
{Pos=Vector3.new(-1132.262,1845.149,177.270),Vel=Vector3.new(0.000,0.010,0.000),Move=Vector3.new(0.000,0,0.000),CFrame=CFrame.new(-1133.765,1853.262,156.263,-0.997451,0.021230,-0.068131,0.000000,0.954722,0.297498,0.071362,0.296740,-0.952288),FOV=70.00,Time=0.0321,WalkSpeed=32.50},
{Pos=Vector3.new(-1132.262,1845.149,177.270),Vel=Vector3.new(0.000,0.010,0.000),Move=Vector3.new(0.000,0,0.000),CFrame=CFrame.new(-1133.765,1853.262,156.263,-0.997451,0.021230,-0.068131,0.000000,0.954722,0.297498,0.071362,0.296740,-0.952288),FOV=70.00,Time=0.0495,WalkSpeed=32.50},
{Pos=Vector3.new(-1132.262,1845.149,177.270),Vel=Vector3.new(0.000,0.010,0.000),Move=Vector3.new(0.000,0,0.000),CFrame=CFrame.new(-1133.765,1853.262,156.263,-0.997451,0.021230,-0.068131,0.000000,0.954722,0.297498,0.071362,0.296740,-0.952288),FOV=70.00,Time=0.0662,WalkSpeed=32.50},
{Pos=Vector3.new(-1132.262,1845.149,177.270),Vel=Vector3.new(0.000,0.010,0.000),Move=Vector3.new(0.000,0,0.000),CFrame=CFrame.new(-1133.765,1853.262,156.263,-0.997451,0.021230,-0.068131,0.000000,0.954722,0.297498,0.071362,0.296740,-0.952288),FOV=70.00,Time=0.0835,WalkSpeed=32.50},
{Pos=Vector3.new(-1132.262,1845.149,177.270),Vel=Vector3.new(0.000,0.010,0.000),Move=Vector3.new(0.000,0,0.000),CFrame=CFrame.new(-1133.765,1853.262,156.263,-0.997451,0.021230,-0.068131,0.000000,0.954722,0.297498,0.071362,0.296740,-0.952288),FOV=70.00,Time=0.1003,WalkSpeed=32.50},
{Pos=Vector3.new(-1132.262,1845.149,177.270),Vel=Vector3.new(0.000,0.010,0.000),Move=Vector3.new(0.000,0,0.000),CFrame=CFrame.new(-1133.765,1853.262,156.263,-0.997451,0.021230,-0.068131,0.000000,0.954722,0.297498,0.071362,0.296740,-0.952288),FOV=70.00,Time=0.1164,WalkSpeed=32.50},
{Pos=Vector3.new(-1132.262,1845.149,177.270),Vel=Vector3.new(0.000,0.010,0.000),Move=Vector3.new(0.000,0,0.000),CFrame=CFrame.new(-1133.765,1853.262,156.263,-0.997451,0.021230,-0.068131,0.000000,0.954722,0.297498,0.071362,0.296740,-0.952288),FOV=70.00,Time=0.1331,WalkSpeed=32.50},
{Pos=Vector3.new(-1132.262,1845.149,177.270),Vel=Vector3.new(0.000,0.010,0.000),Move=Vector3.new(0.000,0,0.000),CFrame=CFrame.new(-1133.765,1853.262,156.263,-0.997451,0.021230,-0.068131,0.000000,0.954722,0.297498,0.071362,0.296740,-0.952288),FOV=70.00,Time=0.1505,WalkSpeed=32.50},
{Pos=Vector3.new(-1132.262,1845.149,177.270),Vel=Vector3.new(0.000,0.010,0.000),Move=Vector3.new(0.000,0,0.000),CFrame=CFrame.new(-1133.765,1853.262,156.263,-0.997451,0.021230,-0.068131,0.000000,0.954722,0.297498,0.071362,0.296740,-0.952288),FOV=70.00,Time=0.1672,WalkSpeed=32.50},
{Pos=Vector3.new(-1132.262,1845.149,177.270),Vel=Vector3.new(0.000,0.010,0.000),Move=Vector3.new(0.000,0,0.000),CFrame=CFrame.new(-1133.765,1853.262,156.263,-0.997451,0.021230,-0.068131,0.000000,0.954722,0.297498,0.071362,0.296740,-0.952288),FOV=70.00,Time=0.1842,WalkSpeed=32.50},
{Pos=Vector3.new(-1132.262,1845.149,177.270),Vel=Vector3.new(0.000,0.010,0.000),Move=Vector3.new(0.000,0,0.000),CFrame=CFrame.new(-1133.765,1853.262,156.263,-0.997451,0.021230,-0.068131,0.000000,0.954722,0.297498,0.071362,0.296740,-0.952288),FOV=70.00,Time=0.2000,WalkSpeed=32.50},
{Pos=Vector3.new(-1132.262,1845.149,177.270),Vel=Vector3.new(0.000,0.010,0.000),Move=Vector3.new(0.000,0,0.000),CFrame=CFrame.new(-1133.765,1853.262,156.263,-0.997451,0.021230,-0.068131,0.000000,0.954722,0.297498,0.071362,0.296740,-0.952288),FOV=70.00,Time=0.2165,WalkSpeed=32.50},
{Pos=Vector3.new(-1132.262,1845.149,177.270),Vel=Vector3.new(0.000,0.010,0.000),Move=Vector3.new(0.000,0,0.000),CFrame=CFrame.new(-1133.765,1853.262,156.263,-0.997451,0.021230,-0.068131,0.000000,0.954722,0.297498,0.071362,0.296740,-0.952288),FOV=70.00,Time=0.2335,WalkSpeed=32.50},
{Pos=Vector3.new(-1132.262,1845.149,177.270),Vel=Vector3.new(0.000,0.010,0.000),Move=Vector3.new(0.000,0,0.000),CFrame=CFrame.new(-1133.765,1853.262,156.263,-0.997451,0.021230,-0.068131,0.000000,0.954722,0.297498,0.071362,0.296740,-0.952288),FOV=70.00,Time=0.2504,WalkSpeed=32.50},
{Pos=Vector3.new(-1132.262,1845.149,177.270),Vel=Vector3.new(0.000,0.010,0.000),Move=Vector3.new(0.000,0,0.000),CFrame=CFrame.new(-1133.765,1853.262,156.263,-0.997451,0.021230,-0.068131,0.000000,0.954722,0.297498,0.071362,0.296740,-0.952288),FOV=70.00,Time=0.2689,WalkSpeed=32.50},
{Pos=Vector3.new(-1132.262,1845.149,177.270),Vel=Vector3.new(0.000,0.010,0.000),Move=Vector3.new(0.000,0,0.000),CFrame=CFrame.new(-1133.765,1853.262,156.263,-0.997451,0.021230,-0.068131,0.000000,0.954722,0.297498,0.071362,0.296740,-0.952288),FOV=70.00,Time=0.2865,WalkSpeed=32.50},
{Pos=Vector3.new(-1132.262,1845.149,177.270),Vel=Vector3.new(0.000,0.010,0.000),Move=Vector3.new(0.000,0,0.000),CFrame=CFrame.new(-1133.765,1853.262,156.263,-0.997451,0.021230,-0.068131,0.000000,0.954722,0.297498,0.071362,0.296740,-0.952288),FOV=70.00,Time=0.2994,WalkSpeed=32.50},
{Pos=Vector3.new(-1132.262,1845.149,177.270),Vel=Vector3.new(0.000,0.010,0.000),Move=Vector3.new(0.000,0,0.000),CFrame=CFrame.new(-1133.765,1853.262,156.263,-0.997451,0.021230,-0.068131,0.000000,0.954722,0.297498,0.071362,0.296740,-0.952288),FOV=70.00,Time=0.3218,WalkSpeed=32.50},
{Pos=Vector3.new(-1132.262,1845.149,177.270),Vel=Vector3.new(0.000,0.010,0.000),Move=Vector3.new(0.000,0,0.000),CFrame=CFrame.new(-1133.765,1853.262,156.263,-0.997451,0.021230,-0.068131,0.000000,0.954722,0.297498,0.071362,0.296740,-0.952288),FOV=70.00,Time=0.3332,WalkSpeed=32.50},
{Pos=Vector3.new(-1132.262,1845.149,177.270),Vel=Vector3.new(0.000,0.010,0.000),Move=Vector3.new(0.000,0,0.000),CFrame=CFrame.new(-1133.765,1853.262,156.263,-0.997451,0.021230,-0.068131,0.000000,0.954722,0.297498,0.071362,0.296740,-0.952288),FOV=70.00,Time=0.3521,WalkSpeed=32.50},
{Pos=Vector3.new(-1132.262,1845.149,177.270),Vel=Vector3.new(0.000,0.010,0.000),Move=Vector3.new(0.000,0,0.000),CFrame=CFrame.new(-1133.765,1853.262,156.263,-0.997451,0.021230,-0.068131,0.000000,0.954722,0.297498,0.071362,0.296740,-0.952288),FOV=70.00,Time=0.3715,WalkSpeed=32.50},
{Pos=Vector3.new(-1132.262,1845.149,177.270),Vel=Vector3.new(0.000,0.010,0.000),Move=Vector3.new(0.000,0,0.000),CFrame=CFrame.new(-1133.765,1853.262,156.263,-0.997451,0.021230,-0.068131,0.000000,0.954722,0.297498,0.071362,0.296740,-0.952288),FOV=70.00,Time=0.3836,WalkSpeed=32.50},
{Pos=Vector3.new(-1132.262,1845.149,177.270),Vel=Vector3.new(0.000,0.010,0.000),Move=Vector3.new(0.000,0,0.000),CFrame=CFrame.new(-1133.765,1853.262,156.263,-0.997451,0.021230,-0.068131,0.000000,0.954722,0.297498,0.071362,0.296740,-0.952288),FOV=70.00,Time=0.4022,WalkSpeed=32.50},
{Pos=Vector3.new(-1132.262,1845.149,177.270),Vel=Vector3.new(0.000,0.010,0.000),Move=Vector3.new(0.000,0,0.000),CFrame=CFrame.new(-1133.765,1853.262,156.263,-0.997451,0.021230,-0.068131,0.000000,0.954722,0.297498,0.071362,0.296740,-0.952288),FOV=70.00,Time=0.4160,WalkSpeed=32.50},
{Pos=Vector3.new(-1132.262,1845.149,177.270),Vel=Vector3.new(0.000,0.010,0.000),Move=Vector3.new(0.000,0,0.000),CFrame=CFrame.new(-1133.765,1853.262,156.263,-0.997451,0.021230,-0.068131,0.000000,0.954722,0.297498,0.071362,0.296740,-0.952288),FOV=70.00,Time=0.4329,WalkSpeed=32.50},
{Pos=Vector3.new(-1132.262,1845.149,177.270),Vel=Vector3.new(0.000,0.010,0.000),Move=Vector3.new(0.000,0,0.000),CFrame=CFrame.new(-1133.765,1853.262,156.263,-0.997451,0.021230,-0.068131,0.000000,0.954722,0.297498,0.071362,0.296740,-0.952288),FOV=70.00,Time=0.4568,WalkSpeed=32.50},
{Pos=Vector3.new(-1132.262,1845.149,177.270),Vel=Vector3.new(0.000,0.010,0.000),Move=Vector3.new(0.000,0,0.000),CFrame=CFrame.new(-1133.765,1853.262,156.263,-0.997451,0.021230,-0.068131,0.000000,0.954722,0.297498,0.071362,0.296740,-0.952288),FOV=70.00,Time=0.4660,WalkSpeed=32.50},
{Pos=Vector3.new(-1132.262,1845.149,177.270),Vel=Vector3.new(0.000,0.010,0.000),Move=Vector3.new(0.000,0,0.000),CFrame=CFrame.new(-1133.765,1853.262,156.263,-0.997451,0.021230,-0.068131,0.000000,0.954722,0.297498,0.071362,0.296740,-0.952288),FOV=70.00,Time=0.4827,WalkSpeed=32.50},
{Pos=Vector3.new(-1132.262,1845.149,177.270),Vel=Vector3.new(0.000,0.010,0.000),Move=Vector3.new(0.000,0,0.000),CFrame=CFrame.new(-1133.765,1853.262,156.263,-0.997451,0.021230,-0.068131,0.000000,0.954722,0.297498,0.071362,0.296740,-0.952288),FOV=70.00,Time=0.4989,WalkSpeed=32.50},
{Pos=Vector3.new(-1132.262,1845.149,177.270),Vel=Vector3.new(0.000,0.010,0.000),Move=Vector3.new(0.000,0,0.000),CFrame=CFrame.new(-1133.765,1853.262,156.263,-0.997451,0.021230,-0.068131,0.000000,0.954722,0.297498,0.071362,0.296740,-0.952288),FOV=70.00,Time=0.5155,WalkSpeed=32.50},
{Pos=Vector3.new(-1132.262,1845.149,177.270),Vel=Vector3.new(0.000,0.010,0.000),Move=Vector3.new(0.000,0,0.000),CFrame=CFrame.new(-1133.765,1853.262,156.263,-0.997451,0.021230,-0.068131,0.000000,0.954722,0.297498,0.071362,0.296740,-0.952288),FOV=70.00,Time=0.5317,WalkSpeed=32.50},
{Pos=Vector3.new(-1132.262,1845.149,177.270),Vel=Vector3.new(0.000,0.010,0.000),Move=Vector3.new(0.000,0,0.000),CFrame=CFrame.new(-1133.765,1853.262,156.263,-0.997451,0.021230,-0.068131,0.000000,0.954722,0.297498,0.071362,0.296740,-0.952288),FOV=70.00,Time=0.5491,WalkSpeed=32.50},
{Pos=Vector3.new(-1132.262,1845.149,177.270),Vel=Vector3.new(0.000,0.010,0.000),Move=Vector3.new(0.000,0,0.000),CFrame=CFrame.new(-1133.765,1853.262,156.263,-0.997451,0.021230,-0.068131,0.000000,0.954722,0.297498,0.071362,0.296740,-0.952288),FOV=70.00,Time=0.5658,WalkSpeed=32.50},
{Pos=Vector3.new(-1132.262,1845.149,177.270),Vel=Vector3.new(0.000,0.010,0.000),Move=Vector3.new(0.000,0,0.000),CFrame=CFrame.new(-1133.765,1853.262,156.263,-0.997451,0.021230,-0.068131,0.000000,0.954722,0.297498,0.071362,0.296740,-0.952288),FOV=70.00,Time=0.5836,WalkSpeed=32.50},
{Pos=Vector3.new(-1132.262,1845.149,177.270),Vel=Vector3.new(0.000,0.010,0.000),Move=Vector3.new(0.000,0,0.000),CFrame=CFrame.new(-1133.765,1853.262,156.263,-0.997451,0.021230,-0.068131,0.000000,0.954722,0.297498,0.071362,0.296740,-0.952288),FOV=70.00,Time=0.5986,WalkSpeed=32.50},
{Pos=Vector3.new(-1132.363,1845.149,177.556),Vel=Vector3.new(-6.416,0.010,17.763),Move=Vector3.new(-0.334,0,0.942),CFrame=CFrame.new(-1133.765,1853.262,156.263,-0.997451,0.021230,-0.068131,0.000000,0.954722,0.297498,0.071362,0.296740,-0.952288),FOV=70.00,Time=0.6186,WalkSpeed=32.50},
{Pos=Vector3.new(-1132.501,1845.149,178.014),Vel=Vector3.new(-8.469,0.010,27.780),Move=Vector3.new(-0.288,0,0.958),CFrame=CFrame.new(-1133.866,1853.262,156.550,-0.997451,0.021230,-0.068131,0.000000,0.954722,0.297498,0.071362,0.296740,-0.952288),FOV=70.00,Time=0.6341,WalkSpeed=32.50},
{Pos=Vector3.new(-1132.620,1845.149,178.537),Vel=Vector3.new(-7.178,0.010,31.786),Move=Vector3.new(-0.217,0,0.976),CFrame=CFrame.new(-1133.837,1853.262,156.996,-0.997985,0.018878,-0.060581,0.000000,0.954723,0.297498,0.063454,0.296899,-0.952798),FOV=70.00,Time=0.6488,WalkSpeed=32.50},
{Pos=Vector3.new(-1132.735,1845.149,179.066),Vel=Vector3.new(-6.911,0.010,31.884),Move=Vector3.new(-0.211,0,0.978),CFrame=CFrame.new(-1133.808,1853.262,157.511,-0.998408,0.016780,-0.053849,0.000000,0.954722,0.297498,0.056403,0.297025,-0.953203),FOV=70.00,Time=0.6659,WalkSpeed=32.50},
{Pos=Vector3.new(-1132.841,1845.149,179.598),Vel=Vector3.new(-6.363,0.010,31.987),Move=Vector3.new(-0.195,0,0.981),CFrame=CFrame.new(-1133.923,1853.262,158.040,-0.998408,0.016780,-0.053849,0.000000,0.954722,0.297498,0.056403,0.297025,-0.953203),FOV=70.00,Time=0.6830,WalkSpeed=32.50},
{Pos=Vector3.new(-1132.928,1845.149,180.132),Vel=Vector3.new(-5.105,0.010,32.195),Move=Vector3.new(-0.157,0,0.988),CFrame=CFrame.new(-1134.029,1853.262,158.571,-0.998408,0.016780,-0.053849,0.000000,0.954722,0.297498,0.056403,0.297025,-0.953203),FOV=70.00,Time=0.6993,WalkSpeed=32.50},
{Pos=Vector3.new(-1133.005,1845.149,180.668),Vel=Vector3.new(-4.591,0.010,32.257),Move=Vector3.new(-0.142,0,0.990),CFrame=CFrame.new(-1134.116,1853.262,159.105,-0.998408,0.016780,-0.053849,0.000000,0.954722,0.297498,0.056403,0.297025,-0.953203),FOV=70.00,Time=0.7164,WalkSpeed=32.50},
{Pos=Vector3.new(-1133.074,1845.149,181.206),Vel=Vector3.new(-4.044,0.010,32.314),Move=Vector3.new(-0.125,0,0.992),CFrame=CFrame.new(-1134.193,1853.262,159.642,-0.998408,0.016780,-0.053849,0.000000,0.954722,0.297498,0.056403,0.297025,-0.953203),FOV=70.00,Time=0.7337,WalkSpeed=32.50},
{Pos=Vector3.new(-1133.131,1845.149,181.744),Vel=Vector3.new(-3.358,0.010,32.380),Move=Vector3.new(-0.104,0,0.995),CFrame=CFrame.new(-1134.261,1853.262,160.179,-0.998408,0.016780,-0.053849,0.000000,0.954722,0.297498,0.056403,0.297025,-0.953203),FOV=70.00,Time=0.7494,WalkSpeed=32.50},
{Pos=Vector3.new(-1133.184,1845.149,182.283),Vel=Vector3.new(-3.102,0.010,32.394),Move=Vector3.new(-0.096,0,0.995),CFrame=CFrame.new(-1134.319,1853.262,160.717,-0.998408,0.016780,-0.053849,0.000000,0.954722,0.297498,0.056403,0.297025,-0.953203),FOV=70.00,Time=0.7661,WalkSpeed=32.50},
{Pos=Vector3.new(-1133.234,1845.149,182.823),Vel=Vector3.new(-2.975,0.010,32.396),Move=Vector3.new(-0.093,0,0.996),CFrame=CFrame.new(-1134.372,1853.262,161.257,-0.998408,0.016780,-0.053849,0.000000,0.954722,0.297498,0.056403,0.297025,-0.953203),FOV=70.00,Time=0.7844,WalkSpeed=32.50},
{Pos=Vector3.new(-1133.284,1845.149,183.362),Vel=Vector3.new(-2.927,0.010,32.392),Move=Vector3.new(-0.091,0,0.996),CFrame=CFrame.new(-1134.422,1853.262,161.796,-0.998408,0.016780,-0.053849,0.000000,0.954722,0.297498,0.056403,0.297025,-0.953203),FOV=70.00,Time=0.7997,WalkSpeed=32.50},
{Pos=Vector3.new(-1133.331,1845.149,183.902),Vel=Vector3.new(-2.813,0.010,32.397),Move=Vector3.new(-0.087,0,0.996),CFrame=CFrame.new(-1134.471,1853.262,162.335,-0.998408,0.016780,-0.053849,0.000000,0.954722,0.297498,0.056403,0.297025,-0.953203),FOV=70.00,Time=0.8165,WalkSpeed=32.50},
{Pos=Vector3.new(-1133.379,1845.149,184.441),Vel=Vector3.new(-2.879,0.010,32.386),Move=Vector3.new(-0.089,0,0.996),CFrame=CFrame.new(-1134.519,1853.262,162.875,-0.998408,0.016780,-0.053849,0.000000,0.954722,0.297498,0.056403,0.297025,-0.953203),FOV=70.00,Time=0.8326,WalkSpeed=32.50},
{Pos=Vector3.new(-1133.427,1845.149,184.981),Vel=Vector3.new(-2.838,0.010,32.386),Move=Vector3.new(-0.088,0,0.996),CFrame=CFrame.new(-1134.567,1853.262,163.414,-0.998408,0.016780,-0.053849,0.000000,0.954722,0.297498,0.056403,0.297025,-0.953203),FOV=70.00,Time=0.8498,WalkSpeed=32.50},
{Pos=Vector3.new(-1133.474,1845.149,185.520),Vel=Vector3.new(-2.775,0.010,32.389),Move=Vector3.new(-0.086,0,0.996),CFrame=CFrame.new(-1134.615,1853.262,163.954,-0.998408,0.016780,-0.053849,0.000000,0.954722,0.297498,0.056403,0.297025,-0.953203),FOV=70.00,Time=0.8662,WalkSpeed=32.50},
{Pos=Vector3.new(-1133.520,1845.149,186.060),Vel=Vector3.new(-2.755,0.010,32.389),Move=Vector3.new(-0.085,0,0.996),CFrame=CFrame.new(-1134.662,1853.262,164.494,-0.998408,0.016780,-0.053849,0.000000,0.954722,0.297498,0.056403,0.297025,-0.953203),FOV=70.00,Time=0.8824,WalkSpeed=32.50},
{Pos=Vector3.new(-1133.563,1845.149,186.600),Vel=Vector3.new(-2.567,0.010,32.403),Move=Vector3.new(-0.079,0,0.997),CFrame=CFrame.new(-1134.708,1853.262,165.033,-0.998408,0.016780,-0.053849,0.000000,0.954722,0.297498,0.056403,0.297025,-0.953203),FOV=70.00,Time=0.8999,WalkSpeed=32.50},
{Pos=Vector3.new(-1133.604,1845.149,187.140),Vel=Vector3.new(-2.379,0.010,32.416),Move=Vector3.new(-0.074,0,0.997),CFrame=CFrame.new(-1134.751,1853.262,165.573,-0.998408,0.016780,-0.053849,0.000000,0.954722,0.297498,0.056403,0.297025,-0.953203),FOV=70.00,Time=0.9160,WalkSpeed=32.50},
{Pos=Vector3.new(-1133.638,1845.149,187.681),Vel=Vector3.new(-2.048,0.010,32.438),Move=Vector3.new(-0.063,0,0.998),CFrame=CFrame.new(-1134.791,1853.262,166.113,-0.998408,0.016780,-0.053849,0.000000,0.954722,0.297498,0.056403,0.297025,-0.953203),FOV=70.00,Time=0.9338,WalkSpeed=32.50},
{Pos=Vector3.new(-1133.670,1845.149,188.221),Vel=Vector3.new(-1.882,0.010,32.448),Move=Vector3.new(-0.058,0,0.998),CFrame=CFrame.new(-1134.826,1853.262,166.654,-0.998408,0.016780,-0.053849,0.000000,0.954722,0.297498,0.056403,0.297025,-0.953203),FOV=70.00,Time=0.9492,WalkSpeed=32.50},
{Pos=Vector3.new(-1133.696,1845.149,188.762),Vel=Vector3.new(-1.543,0.010,32.465),Move=Vector3.new(-0.048,0,0.999),CFrame=CFrame.new(-1134.858,1853.262,167.195,-0.998408,0.016780,-0.053849,0.000000,0.954722,0.297498,0.056403,0.297025,-0.953203),FOV=70.00,Time=0.9664,WalkSpeed=32.50},
{Pos=Vector3.new(-1133.717,1845.149,189.304),Vel=Vector3.new(-1.210,0.010,32.479),Move=Vector3.new(-0.037,0,0.999),CFrame=CFrame.new(-1134.884,1853.262,167.736,-0.998408,0.016780,-0.053849,0.000000,0.954722,0.297498,0.056403,0.297025,-0.953203),FOV=70.00,Time=0.9832,WalkSpeed=32.50},
{Pos=Vector3.new(-1133.735,1845.149,189.845),Vel=Vector3.new(-1.052,0.010,32.484),Move=Vector3.new(-0.033,0,0.999),CFrame=CFrame.new(-1134.905,1853.262,168.277,-0.998408,0.016780,-0.053849,0.000000,0.954722,0.297498,0.056403,0.297025,-0.953203),FOV=70.00,Time=0.9994,WalkSpeed=32.50},
{Pos=Vector3.new(-1133.750,1845.149,190.387),Vel=Vector3.new(-0.897,0.010,32.489),Move=Vector3.new(-0.028,0,1.000),CFrame=CFrame.new(-1134.923,1853.262,168.818,-0.998408,0.016780,-0.053849,0.000000,0.954722,0.297498,0.056403,0.297025,-0.953203),FOV=70.00,Time=1.0162,WalkSpeed=32.50},
{Pos=Vector3.new(-1133.760,1845.149,190.928),Vel=Vector3.new(-0.580,0.010,32.496),Move=Vector3.new(-0.018,0,1.000),CFrame=CFrame.new(-1134.938,1853.262,169.360,-0.998408,0.016780,-0.053849,0.000000,0.954722,0.297498,0.056403,0.297025,-0.953203),FOV=70.00,Time=1.0329,WalkSpeed=32.50},
{Pos=Vector3.new(-1133.770,1845.149,191.470),Vel=Vector3.new(-0.567,0.010,32.496),Move=Vector3.new(-0.018,0,1.000),CFrame=CFrame.new(-1134.948,1853.262,169.901,-0.998408,0.016780,-0.053849,0.000000,0.954722,0.297498,0.056403,0.297025,-0.953203),FOV=70.00,Time=1.0504,WalkSpeed=32.50},
{Pos=Vector3.new(-1133.775,1845.149,192.011),Vel=Vector3.new(-0.261,0.010,32.500),Move=Vector3.new(-0.008,0,1.000),CFrame=CFrame.new(-1134.958,1853.262,170.443,-0.998408,0.016780,-0.053849,0.000000,0.954722,0.297498,0.056403,0.297025,-0.953203),FOV=70.00,Time=1.0661,WalkSpeed=32.50},
{Pos=Vector3.new(-1133.779,1845.149,192.553),Vel=Vector3.new(-0.250,0.010,32.499),Move=Vector3.new(-0.008,0,1.000),CFrame=CFrame.new(-1134.963,1853.262,170.985,-0.998408,0.016780,-0.053849,0.000000,0.954722,0.297498,0.056403,0.297025,-0.953203),FOV=70.00,Time=1.0836,WalkSpeed=32.50},
{Pos=Vector3.new(-1133.781,1845.149,193.095),Vel=Vector3.new(-0.104,0.010,32.500),Move=Vector3.new(-0.003,0,1.000),CFrame=CFrame.new(-1134.967,1853.262,171.526,-0.998408,0.016780,-0.053849,0.000000,0.954722,0.297498,0.056403,0.297025,-0.953203),FOV=70.00,Time=1.1007,WalkSpeed=32.50},
{Pos=Vector3.new(-1133.783,1845.149,193.636),Vel=Vector3.new(-0.095,0.010,32.500),Move=Vector3.new(-0.003,0,1.000),CFrame=CFrame.new(-1134.969,1853.262,172.068,-0.998408,0.016780,-0.053849,0.000000,0.954722,0.297498,0.056403,0.297025,-0.953203),FOV=70.00,Time=1.1173,WalkSpeed=32.50},
{Pos=Vector3.new(-1133.782,1845.149,194.178),Vel=Vector3.new(0.041,0.010,32.500),Move=Vector3.new(0.001,0,1.000),CFrame=CFrame.new(-1134.971,1853.262,172.610,-0.998408,0.016780,-0.053849,0.000000,0.954722,0.297498,0.056403,0.297025,-0.953203),FOV=70.00,Time=1.1332,WalkSpeed=32.50},
{Pos=Vector3.new(-1133.780,1845.149,194.720),Vel=Vector3.new(0.185,0.010,32.500),Move=Vector3.new(0.006,0,1.000),CFrame=CFrame.new(-1134.970,1853.262,173.151,-0.998408,0.016780,-0.053849,0.000000,0.954722,0.297498,0.056403,0.297025,-0.953203),FOV=70.00,Time=1.1507,WalkSpeed=32.50},
{Pos=Vector3.new(-1133.776,1845.149,195.261),Vel=Vector3.new(0.200,0.010,32.500),Move=Vector3.new(0.006,0,1.000),CFrame=CFrame.new(-1134.967,1853.262,173.693,-0.998408,0.016780,-0.053849,0.000000,0.954722,0.297498,0.056403,0.297025,-0.953203),FOV=70.00,Time=1.1675,WalkSpeed=32.50},
{Pos=Vector3.new(-1133.771,1845.149,195.803),Vel=Vector3.new(0.335,0.010,32.498),Move=Vector3.new(0.010,0,1.000),CFrame=CFrame.new(-1134.964,1853.262,174.235,-0.998408,0.016780,-0.053849,0.000000,0.954722,0.297498,0.056403,0.297025,-0.953203),FOV=70.00,Time=1.1854,WalkSpeed=32.50},
{Pos=Vector3.new(-1133.763,1845.149,196.345),Vel=Vector3.new(0.471,0.010,32.497),Move=Vector3.new(0.014,0,1.000),CFrame=CFrame.new(-1134.959,1853.262,174.776,-0.998408,0.016780,-0.053849,0.000000,0.954722,0.297498,0.056403,0.297025,-0.953203),FOV=70.00,Time=1.2018,WalkSpeed=32.50},
{Pos=Vector3.new(-1133.753,1845.149,196.886),Vel=Vector3.new(0.612,0.010,32.494),Move=Vector3.new(0.019,0,1.000),CFrame=CFrame.new(-1134.951,1853.262,175.318,-0.998408,0.016780,-0.053849,0.000000,0.954722,0.297498,0.056403,0.297025,-0.953203),FOV=70.00,Time=1.2163,WalkSpeed=32.50},
{Pos=Vector3.new(-1133.737,1845.149,197.428),Vel=Vector3.new(1.020,0.010,32.484),Move=Vector3.new(0.031,0,1.000),CFrame=CFrame.new(-1134.941,1853.262,175.859,-0.998408,0.016780,-0.053849,0.000000,0.954722,0.297498,0.056403,0.297025,-0.953203),FOV=70.00,Time=1.2435,WalkSpeed=32.50},
{Pos=Vector3.new(-1133.710,1845.149,198.104),Vel=Vector3.new(1.297,0.010,32.474),Move=Vector3.new(0.040,0,0.999),CFrame=CFrame.new(-1134.924,1853.262,176.401,-0.998408,0.016780,-0.053849,0.000000,0.954722,0.297498,0.056403,0.297025,-0.953203),FOV=70.00,Time=1.2542,WalkSpeed=32.50},
{Pos=Vector3.new(-1133.688,1845.149,198.510),Vel=Vector3.new(1.818,0.010,32.449),Move=Vector3.new(0.056,0,0.998),CFrame=CFrame.new(-1134.898,1853.262,177.077,-0.998408,0.016780,-0.053849,0.000000,0.954722,0.297498,0.056403,0.297025,-0.953203),FOV=70.00,Time=1.2664,WalkSpeed=32.50},
{Pos=Vector3.new(-1133.657,1845.149,199.051),Vel=Vector3.new(1.836,0.010,32.448),Move=Vector3.new(0.056,0,0.998),CFrame=CFrame.new(-1134.876,1853.262,177.483,-0.998408,0.016780,-0.053849,0.000000,0.954722,0.297498,0.056403,0.297025,-0.953203),FOV=70.00,Time=1.2837,WalkSpeed=32.50},
{Pos=Vector3.new(-1133.620,1845.149,199.591),Vel=Vector3.new(2.232,0.010,32.423),Move=Vector3.new(0.069,0,0.998),CFrame=CFrame.new(-1134.845,1853.262,178.024,-0.998408,0.016780,-0.053849,0.000000,0.954722,0.297498,0.056403,0.297025,-0.953203),FOV=70.00,Time=1.2999,WalkSpeed=32.50},
{Pos=Vector3.new(-1133.581,1845.149,200.131),Vel=Vector3.new(2.365,0.010,32.414),Move=Vector3.new(0.073,0,0.997),CFrame=CFrame.new(-1134.808,1853.262,178.564,-0.998408,0.016780,-0.053849,0.000000,0.954722,0.297498,0.056403,0.297025,-0.953203),FOV=70.00,Time=1.3157,WalkSpeed=32.50},
{Pos=Vector3.new(-1133.536,1845.149,200.671),Vel=Vector3.new(2.751,0.010,32.384),Move=Vector3.new(0.085,0,0.996),CFrame=CFrame.new(-1134.769,1853.262,179.105,-0.998408,0.016780,-0.053849,0.000000,0.954722,0.297498,0.056403,0.297025,-0.953203),FOV=70.00,Time=1.3333,WalkSpeed=32.50},
{Pos=Vector3.new(-1133.486,1845.149,201.210),Vel=Vector3.new(3.015,0.010,32.360),Move=Vector3.new(0.093,0,0.996),CFrame=CFrame.new(-1134.724,1853.262,179.644,-0.998408,0.016780,-0.053849,0.000000,0.954722,0.297498,0.056403,0.297025,-0.953203),FOV=70.00,Time=1.3498,WalkSpeed=32.50},
{Pos=Vector3.new(-1133.432,1845.149,201.749),Vel=Vector3.new(3.270,0.010,32.335),Move=Vector3.new(0.101,0,0.995),CFrame=CFrame.new(-1134.674,1853.262,180.184,-0.998408,0.016780,-0.053849,0.000000,0.954722,0.297498,0.056403,0.297025,-0.953203),FOV=70.00,Time=1.3665,WalkSpeed=32.50},
{Pos=Vector3.new(-1133.375,1845.149,202.288),Vel=Vector3.new(3.395,0.010,32.322),Move=Vector3.new(0.104,0,0.995),CFrame=CFrame.new(-1134.620,1853.262,180.723,-0.998408,0.016780,-0.053849,0.000000,0.954722,0.297498,0.056403,0.297025,-0.953203),FOV=70.00,Time=1.3854,WalkSpeed=32.50},
{Pos=Vector3.new(-1133.317,1845.149,202.827),Vel=Vector3.new(3.518,0.010,32.309),Move=Vector3.new(0.108,0,0.994),CFrame=CFrame.new(-1134.563,1853.262,181.261,-0.998408,0.016780,-0.053849,0.000000,0.954722,0.297498,0.056403,0.297025,-0.953203),FOV=70.00,Time=1.4004,WalkSpeed=32.50},
{Pos=Vector3.new(-1133.256,1845.149,203.365),Vel=Vector3.new(3.646,0.010,32.295),Move=Vector3.new(0.112,0,0.994),CFrame=CFrame.new(-1134.505,1853.262,181.800,-0.998408,0.016780,-0.053849,0.000000,0.954722,0.297498,0.056403,0.297025,-0.953203),FOV=70.00,Time=1.4164,WalkSpeed=32.50},
{Pos=Vector3.new(-1133.196,1845.149,203.903),Vel=Vector3.new(3.640,0.010,32.296),Move=Vector3.new(0.112,0,0.994),CFrame=CFrame.new(-1134.444,1853.262,182.338,-0.998408,0.016780,-0.053849,0.000000,0.954722,0.297498,0.056403,0.297025,-0.953203),FOV=70.00,Time=1.4327,WalkSpeed=32.50},
{Pos=Vector3.new(-1133.135,1845.149,204.441),Vel=Vector3.new(3.640,0.010,32.296),Move=Vector3.new(0.112,0,0.994),CFrame=CFrame.new(-1134.384,1853.262,182.876,-0.998408,0.016780,-0.053849,0.000000,0.954722,0.297498,0.056403,0.297025,-0.953203),FOV=70.00,Time=1.4498,WalkSpeed=32.50},
{Pos=Vector3.new(-1133.075,1845.149,204.980),Vel=Vector3.new(3.639,0.010,32.296),Move=Vector3.new(0.112,0,0.994),CFrame=CFrame.new(-1134.323,1853.262,183.415,-0.998408,0.016780,-0.053849,0.000000,0.954722,0.297498,0.056403,0.297025,-0.953203),FOV=70.00,Time=1.4666,WalkSpeed=32.50},
{Pos=Vector3.new(-1133.014,1845.149,205.518),Vel=Vector3.new(3.639,0.010,32.296),Move=Vector3.new(0.112,0,0.994),CFrame=CFrame.new(-1134.263,1853.262,183.953,-0.998408,0.016780,-0.053849,0.000000,0.954722,0.297498,0.056403,0.297025,-0.953203),FOV=70.00,Time=1.4831,WalkSpeed=32.50},
{Pos=Vector3.new(-1132.956,1845.149,206.057),Vel=Vector3.new(3.512,0.010,32.310),Move=Vector3.new(0.108,0,0.994),CFrame=CFrame.new(-1134.202,1853.262,184.491,-0.998408,0.016780,-0.053849,0.000000,0.954722,0.297498,0.056403,0.297025,-0.953203),FOV=70.00,Time=1.5005,WalkSpeed=32.50},
{Pos=Vector3.new(-1132.897,1845.149,206.595),Vel=Vector3.new(3.510,0.010,32.310),Move=Vector3.new(0.108,0,0.994),CFrame=CFrame.new(-1134.144,1853.262,185.030,-0.998408,0.016780,-0.053849,0.000000,0.954722,0.297498,0.056403,0.297025,-0.953203),FOV=70.00,Time=1.5162,WalkSpeed=32.50},
{Pos=Vector3.new(-1132.839,1845.149,207.134),Vel=Vector3.new(3.510,0.010,32.310),Move=Vector3.new(0.108,0,0.994),CFrame=CFrame.new(-1134.085,1853.262,185.568,-0.998408,0.016780,-0.053849,0.000000,0.954722,0.297498,0.056403,0.297025,-0.953203),FOV=70.00,Time=1.5332,WalkSpeed=32.50},
{Pos=Vector3.new(-1132.780,1845.149,207.672),Vel=Vector3.new(3.510,0.010,32.310),Move=Vector3.new(0.108,0,0.994),CFrame=CFrame.new(-1134.026,1853.262,186.107,-0.998408,0.016780,-0.053849,0.000000,0.954722,0.297498,0.056403,0.297025,-0.953203),FOV=70.00,Time=1.5497,WalkSpeed=32.50},
{Pos=Vector3.new(-1132.721,1845.149,208.211),Vel=Vector3.new(3.510,0.010,32.310),Move=Vector3.new(0.108,0,0.994),CFrame=CFrame.new(-1133.968,1853.262,186.645,-0.998408,0.016780,-0.053849,0.000000,0.954722,0.297498,0.056403,0.297025,-0.953203),FOV=70.00,Time=1.5666,WalkSpeed=32.50},
{Pos=Vector3.new(-1132.663,1845.149,208.749),Vel=Vector3.new(3.510,0.010,32.310),Move=Vector3.new(0.108,0,0.994),CFrame=CFrame.new(-1133.909,1853.262,187.184,-0.998408,0.016780,-0.053849,0.000000,0.954722,0.297498,0.056403,0.297025,-0.953203),FOV=70.00,Time=1.5828,WalkSpeed=32.50},
{Pos=Vector3.new(-1132.604,1845.149,209.288),Vel=Vector3.new(3.509,0.010,32.310),Move=Vector3.new(0.108,0,0.994),CFrame=CFrame.new(-1133.851,1853.262,187.722,-0.998408,0.016780,-0.053849,0.000000,0.954722,0.297498,0.056403,0.297025,-0.953203),FOV=70.00,Time=1.5995,WalkSpeed=32.50},
{Pos=Vector3.new(-1132.546,1845.149,209.826),Vel=Vector3.new(3.509,0.010,32.310),Move=Vector3.new(0.108,0,0.994),CFrame=CFrame.new(-1133.792,1853.262,188.261,-0.998408,0.016780,-0.053849,0.000000,0.954722,0.297498,0.056403,0.297025,-0.953203),FOV=70.00,Time=1.6158,WalkSpeed=32.50},
{Pos=Vector3.new(-1132.485,1845.149,210.364),Vel=Vector3.new(3.637,0.010,32.296),Move=Vector3.new(0.112,0,0.994),CFrame=CFrame.new(-1133.734,1853.262,188.799,-0.998408,0.016780,-0.053849,0.000000,0.954722,0.297498,0.056403,0.297025,-0.953203),FOV=70.00,Time=1.6332,WalkSpeed=32.50},
{Pos=Vector3.new(-1132.425,1845.149,210.903),Vel=Vector3.new(3.638,0.010,32.296),Move=Vector3.new(0.112,0,0.994),CFrame=CFrame.new(-1133.673,1853.262,189.338,-0.998408,0.016780,-0.053849,0.000000,0.954722,0.297498,0.056403,0.297025,-0.953203),FOV=70.00,Time=1.6489,WalkSpeed=32.50},
{Pos=Vector3.new(-1132.364,1845.149,211.441),Vel=Vector3.new(3.638,0.010,32.296),Move=Vector3.new(0.112,0,0.994),CFrame=CFrame.new(-1133.613,1853.262,189.876,-0.998408,0.016780,-0.053849,0.000000,0.954722,0.297498,0.056403,0.297025,-0.953203),FOV=70.00,Time=1.6663,WalkSpeed=32.50},
{Pos=Vector3.new(-1132.305,1845.149,211.979),Vel=Vector3.new(3.510,0.010,32.310),Move=Vector3.new(0.108,0,0.994),CFrame=CFrame.new(-1133.552,1853.262,190.414,-0.998408,0.016780,-0.053849,0.000000,0.954722,0.297498,0.056403,0.297025,-0.953203),FOV=70.00,Time=1.6846,WalkSpeed=32.50},
{Pos=Vector3.new(-1132.249,1845.149,212.518),Vel=Vector3.new(3.382,0.010,32.324),Move=Vector3.new(0.104,0,0.995),CFrame=CFrame.new(-1133.493,1853.262,190.953,-0.998408,0.016780,-0.053849,0.000000,0.954722,0.297498,0.056403,0.297025,-0.953203),FOV=70.00,Time=1.7009,WalkSpeed=32.50},
{Pos=Vector3.new(-1132.195,1845.149,213.057),Vel=Vector3.new(3.248,0.010,32.337),Move=Vector3.new(0.100,0,0.995),CFrame=CFrame.new(-1133.437,1853.262,191.491,-0.998408,0.016780,-0.053849,0.000000,0.954722,0.297498,0.056403,0.297025,-0.953203),FOV=70.00,Time=1.7167,WalkSpeed=32.50},
{Pos=Vector3.new(-1132.143,1845.149,213.596),Vel=Vector3.new(3.119,0.010,32.350),Move=Vector3.new(0.096,0,0.995),CFrame=CFrame.new(-1133.383,1853.262,192.030,-0.998408,0.016780,-0.053849,0.000000,0.954722,0.297498,0.056403,0.297025,-0.953203),FOV=70.00,Time=1.7332,WalkSpeed=32.50},
{Pos=Vector3.new(-1132.093,1845.149,214.136),Vel=Vector3.new(2.986,0.010,32.363),Move=Vector3.new(0.092,0,0.996),CFrame=CFrame.new(-1133.330,1853.262,192.569,-0.998408,0.016780,-0.053849,0.000000,0.954722,0.297498,0.056403,0.297025,-0.953203),FOV=70.00,Time=1.7510,WalkSpeed=32.50},
{Pos=Vector3.new(-1132.043,1845.149,214.675),Vel=Vector3.new(2.985,0.010,32.363),Move=Vector3.new(0.092,0,0.996),CFrame=CFrame.new(-1133.281,1853.262,193.109,-0.998408,0.016780,-0.053849,0.000000,0.954722,0.297498,0.056403,0.297025,-0.953203),FOV=70.00,Time=1.7662,WalkSpeed=32.50},
{Pos=Vector3.new(-1131.995,1845.149,215.215),Vel=Vector3.new(2.854,0.010,32.374),Move=Vector3.new(0.088,0,0.996),CFrame=CFrame.new(-1133.231,1853.262,193.648,-0.998408,0.016780,-0.053849,0.000000,0.954722,0.297498,0.056403,0.297025,-0.953203),FOV=70.00,Time=1.7835,WalkSpeed=32.50},
{Pos=Vector3.new(-1131.949,1845.149,215.754),Vel=Vector3.new(2.723,0.010,32.386),Move=Vector3.new(0.084,0,0.996),CFrame=CFrame.new(-1133.183,1853.262,194.188,-0.998408,0.016780,-0.053849,0.000000,0.954722,0.297498,0.056403,0.297025,-0.953203),FOV=70.00,Time=1.8014,WalkSpeed=32.50},
{Pos=Vector3.new(-1131.906,1845.149,216.294),Vel=Vector3.new(2.593,0.010,32.396),Move=Vector3.new(0.080,0,0.997),CFrame=CFrame.new(-1133.137,1853.262,194.727,-0.998408,0.016780,-0.053849,0.000000,0.954722,0.297498,0.056403,0.297025,-0.953203),FOV=70.00,Time=1.8159,WalkSpeed=32.50},
{Pos=Vector3.new(-1131.865,1845.149,216.834),Vel=Vector3.new(2.467,0.010,32.406),Move=Vector3.new(0.076,0,0.997),CFrame=CFrame.new(-1133.094,1853.262,195.267,-0.998408,0.016780,-0.053849,0.000000,0.954722,0.297498,0.056403,0.297025,-0.953203),FOV=70.00,Time=1.8327,WalkSpeed=32.50},
{Pos=Vector3.new(-1131.826,1845.149,217.375),Vel=Vector3.new(2.338,0.010,32.416),Move=Vector3.new(0.072,0,0.997),CFrame=CFrame.new(-1133.053,1853.262,195.807,-0.998408,0.016780,-0.053849,0.000000,0.954722,0.297498,0.056403,0.297025,-0.953203),FOV=70.00,Time=1.8513,WalkSpeed=32.50},
{Pos=Vector3.new(-1131.780,1845.149,218.050),Vel=Vector3.new(2.209,0.010,32.425),Move=Vector3.new(0.068,0,0.998),CFrame=CFrame.new(-1133.014,1853.262,196.348,-0.998408,0.016780,-0.053849,0.000000,0.954722,0.297498,0.056403,0.297025,-0.953203),FOV=70.00,Time=1.8700,WalkSpeed=32.50},
{Pos=Vector3.new(-1131.753,1845.149,218.455),Vel=Vector3.new(2.086,0.010,32.433),Move=Vector3.new(0.064,0,0.998),CFrame=CFrame.new(-1132.967,1853.262,197.023,-0.998408,0.016780,-0.053849,0.000000,0.954722,0.297498,0.056403,0.297025,-0.953203),FOV=70.00,Time=1.8842,WalkSpeed=32.50},
{Pos=Vector3.new(-1131.719,1845.149,218.996),Vel=Vector3.new(2.083,0.010,32.433),Move=Vector3.new(0.064,0,0.998),CFrame=CFrame.new(-1132.941,1853.262,197.429,-0.998408,0.016780,-0.053849,0.000000,0.954722,0.297498,0.056403,0.297025,-0.953203),FOV=70.00,Time=1.9019,WalkSpeed=32.50},
{Pos=Vector3.new(-1131.684,1845.149,219.536),Vel=Vector3.new(2.083,0.010,32.433),Move=Vector3.new(0.064,0,0.998),CFrame=CFrame.new(-1132.906,1853.262,197.969,-0.998408,0.016780,-0.053849,0.000000,0.954722,0.297498,0.056403,0.297025,-0.953203),FOV=70.00,Time=1.9166,WalkSpeed=32.50},
{Pos=Vector3.new(-1131.649,1845.149,220.077),Vel=Vector3.new(2.084,0.010,32.433),Move=Vector3.new(0.064,0,0.998),CFrame=CFrame.new(-1132.872,1853.262,198.510,-0.998408,0.016780,-0.053849,0.000000,0.954722,0.297498,0.056403,0.297025,-0.953203),FOV=70.00,Time=1.9332,WalkSpeed=32.50},
{Pos=Vector3.new(-1131.615,1845.149,220.618),Vel=Vector3.new(2.084,0.010,32.433),Move=Vector3.new(0.064,0,0.998),CFrame=CFrame.new(-1132.837,1853.262,199.050,-0.998408,0.016780,-0.053849,0.000000,0.954722,0.297498,0.056403,0.297025,-0.953203),FOV=70.00,Time=1.9498,WalkSpeed=32.50},
{Pos=Vector3.new(-1131.580,1845.149,221.158),Vel=Vector3.new(2.084,0.010,32.433),Move=Vector3.new(0.064,0,0.998),CFrame=CFrame.new(-1132.802,1853.262,199.591,-0.998408,0.016780,-0.053849,0.000000,0.954722,0.297498,0.056403,0.297025,-0.953203),FOV=70.00,Time=1.9684,WalkSpeed=32.50},
{Pos=Vector3.new(-1131.547,1845.149,221.699),Vel=Vector3.new(1.959,0.010,32.441),Move=Vector3.new(0.060,0,0.998),CFrame=CFrame.new(-1132.768,1853.262,200.131,-0.998408,0.016780,-0.053849,0.000000,0.954722,0.297498,0.056403,0.297025,-0.953203),FOV=70.00,Time=1.9843,WalkSpeed=32.50},
{Pos=Vector3.new(-1131.514,1845.149,222.239),Vel=Vector3.new(1.958,0.010,32.441),Move=Vector3.new(0.060,0,0.998),CFrame=CFrame.new(-1132.735,1853.262,200.672,-0.998408,0.016780,-0.053849,0.000000,0.954722,0.297498,0.056403,0.297025,-0.953203),FOV=70.00,Time=2.0006,WalkSpeed=32.50},
{Pos=Vector3.new(-1131.482,1845.149,222.780),Vel=Vector3.new(1.959,0.010,32.441),Move=Vector3.new(0.060,0,0.998),CFrame=CFrame.new(-1132.702,1853.262,201.213,-0.998408,0.016780,-0.053849,0.000000,0.954722,0.297498,0.056403,0.297025,-0.953203),FOV=70.00,Time=2.0170,WalkSpeed=32.50},
{Pos=Vector3.new(-1131.449,1845.149,223.321),Vel=Vector3.new(1.959,0.010,32.441),Move=Vector3.new(0.060,0,0.998),CFrame=CFrame.new(-1132.669,1853.262,201.753,-0.998408,0.016780,-0.053849,0.000000,0.954722,0.297498,0.056403,0.297025,-0.953203),FOV=70.00,Time=2.0333,WalkSpeed=32.50},
{Pos=Vector3.new(-1131.414,1845.149,223.861),Vel=Vector3.new(2.084,0.010,32.433),Move=Vector3.new(0.064,0,0.998),CFrame=CFrame.new(-1132.637,1853.262,202.294,-0.998408,0.016780,-0.053849,0.000000,0.954722,0.297498,0.056403,0.297025,-0.953203),FOV=70.00,Time=2.0501,WalkSpeed=32.50},
{Pos=Vector3.new(-1131.381,1845.149,224.402),Vel=Vector3.new(1.961,0.010,32.441),Move=Vector3.new(0.060,0,0.998),CFrame=CFrame.new(-1132.602,1853.262,202.835,-0.998408,0.016780,-0.053849,0.000000,0.954722,0.297498,0.056403,0.297025,-0.953203),FOV=70.00,Time=2.0675,WalkSpeed=32.50},
{Pos=Vector3.new(-1131.349,1845.149,224.943),Vel=Vector3.new(1.959,0.010,32.441),Move=Vector3.new(0.060,0,0.998),CFrame=CFrame.new(-1132.569,1853.262,203.375,-0.998408,0.016780,-0.053849,0.000000,0.954722,0.297498,0.056403,0.297025,-0.953203),FOV=70.00,Time=2.0836,WalkSpeed=32.50},
{Pos=Vector3.new(-1131.316,1845.149,225.483),Vel=Vector3.new(1.960,0.010,32.441),Move=Vector3.new(0.060,0,0.998),CFrame=CFrame.new(-1132.537,1853.262,203.916,-0.998408,0.016780,-0.053849,0.000000,0.954722,0.297498,0.056403,0.297025,-0.953203),FOV=70.00,Time=2.1009,WalkSpeed=32.50},
{Pos=Vector3.new(-1131.283,1845.149,226.024),Vel=Vector3.new(1.960,0.010,32.441),Move=Vector3.new(0.060,0,0.998),CFrame=CFrame.new(-1132.504,1853.262,204.457,-0.998408,0.016780,-0.053849,0.000000,0.954722,0.297498,0.056403,0.297025,-0.953203),FOV=70.00,Time=2.1197,WalkSpeed=32.50},
{Pos=Vector3.new(-1131.251,1845.149,226.565),Vel=Vector3.new(1.960,0.010,32.441),Move=Vector3.new(0.060,0,0.998),CFrame=CFrame.new(-1132.471,1853.262,204.997,-0.998408,0.016780,-0.053849,0.000000,0.954722,0.297498,0.056403,0.297025,-0.953203),FOV=70.00,Time=2.1330,WalkSpeed=32.50},
{Pos=Vector3.new(-1131.218,1845.149,227.106),Vel=Vector3.new(1.960,0.010,32.441),Move=Vector3.new(0.060,0,0.998),CFrame=CFrame.new(-1132.438,1853.262,205.538,-0.998408,0.016780,-0.053849,0.000000,0.954722,0.297498,0.056403,0.297025,-0.953203),FOV=70.00,Time=2.1496,WalkSpeed=32.50},
{Pos=Vector3.new(-1131.185,1845.149,227.646),Vel=Vector3.new(1.960,0.010,32.441),Move=Vector3.new(0.060,0,0.998),CFrame=CFrame.new(-1132.406,1853.262,206.079,-0.998408,0.016780,-0.053849,0.000000,0.954722,0.297498,0.056403,0.297025,-0.953203),FOV=70.00,Time=2.1672,WalkSpeed=32.50},
{Pos=Vector3.new(-1131.152,1845.149,228.187),Vel=Vector3.new(1.960,0.010,32.441),Move=Vector3.new(0.060,0,0.998),CFrame=CFrame.new(-1132.373,1853.262,206.620,-0.998408,0.016780,-0.053849,0.000000,0.954722,0.297498,0.056403,0.297025,-0.953203),FOV=70.00,Time=2.1839,WalkSpeed=32.50},
{Pos=Vector3.new(-1131.120,1845.149,228.728),Vel=Vector3.new(1.960,0.010,32.441),Move=Vector3.new(0.060,0,0.998),CFrame=CFrame.new(-1132.340,1853.262,207.160,-0.998408,0.016780,-0.053849,0.000000,0.954722,0.297498,0.056403,0.297025,-0.953203),FOV=70.00,Time=2.2007,WalkSpeed=32.50},
{Pos=Vector3.new(-1131.087,1845.149,229.268),Vel=Vector3.new(1.960,0.010,32.441),Move=Vector3.new(0.060,0,0.998),CFrame=CFrame.new(-1132.308,1853.262,207.701,-0.998408,0.016780,-0.053849,0.000000,0.954722,0.297498,0.056403,0.297025,-0.953203),FOV=70.00,Time=2.2176,WalkSpeed=32.50},
{Pos=Vector3.new(-1131.054,1845.149,229.809),Vel=Vector3.new(1.960,0.010,32.441),Move=Vector3.new(0.060,0,0.998),CFrame=CFrame.new(-1132.275,1853.262,208.242,-0.998408,0.016780,-0.053849,0.000000,0.954722,0.297498,0.056403,0.297025,-0.953203),FOV=70.00,Time=2.2329,WalkSpeed=32.50},
{Pos=Vector3.new(-1131.022,1845.149,230.350),Vel=Vector3.new(1.960,0.010,32.441),Move=Vector3.new(0.060,0,0.998),CFrame=CFrame.new(-1132.242,1853.262,208.782,-0.998408,0.016780,-0.053849,0.000000,0.954722,0.297498,0.056403,0.297025,-0.953203),FOV=70.00,Time=2.2501,WalkSpeed=32.50},
{Pos=Vector3.new(-1130.989,1845.149,230.891),Vel=Vector3.new(1.960,0.010,32.441),Move=Vector3.new(0.060,0,0.998),CFrame=CFrame.new(-1132.209,1853.262,209.323,-0.998408,0.016780,-0.053849,0.000000,0.954722,0.297498,0.056403,0.297025,-0.953203),FOV=70.00,Time=2.2667,WalkSpeed=32.50},
{Pos=Vector3.new(-1130.954,1845.149,231.431),Vel=Vector3.new(2.086,0.010,32.433),Move=Vector3.new(0.064,0,0.998),CFrame=CFrame.new(-1132.177,1853.262,209.864,-0.998408,0.016780,-0.053849,0.000000,0.954722,0.297498,0.056403,0.297025,-0.953203),FOV=70.00,Time=2.2833,WalkSpeed=32.50},
{Pos=Vector3.new(-1130.917,1845.149,231.972),Vel=Vector3.new(2.215,0.010,32.424),Move=Vector3.new(0.068,0,0.998),CFrame=CFrame.new(-1132.142,1853.262,210.404,-0.998408,0.016780,-0.053849,0.000000,0.954722,0.297498,0.056403,0.297025,-0.953203),FOV=70.00,Time=2.3007,WalkSpeed=32.50},
