local RunService = game:GetService("RunService")
local Players = game:GetService("Players")
local lp = Players.LocalPlayer
local cam = workspace.CurrentCamera
local char = lp.Character or lp.CharacterAdded:Wait()
local hrp = char:WaitForChild("HumanoidRootPart")
local hum = char:WaitForChild("Humanoid")
local originalCamType = cam.CameraType
local originalAutoRotate = hum.AutoRotate
hum.AutoRotate = false
cam.CameraType = Enum.CameraType.Scriptable
local frames = {
{Pos=Vector3.new(-1113.935,1845.149,265.316),Vel=Vector3.new(-0.000,0.010,0.000),Move=Vector3.new(0.000,0,0.000),CFrame=CFrame.new(-1114.939,1882.518,225.966,-0.999674,0.017175,-0.018874,0.000000,0.739613,0.673032,0.025519,0.672813,-0.739372),FOV=70.00,Time=0.0000},
{Pos=Vector3.new(-1113.935,1845.149,265.316),Vel=Vector3.new(-0.000,0.010,0.000),Move=Vector3.new(0.000,0,0.000),CFrame=CFrame.new(-1114.939,1882.518,225.966,-0.999674,0.017175,-0.018874,0.000000,0.739613,0.673032,0.025519,0.672813,-0.739372),FOV=70.00,Time=0.0167},
{Pos=Vector3.new(-1113.935,1845.149,265.316),Vel=Vector3.new(-0.000,0.010,0.000),Move=Vector3.new(0.000,0,0.000),CFrame=CFrame.new(-1114.939,1882.518,225.966,-0.999674,0.017175,-0.018874,0.000000,0.739613,0.673032,0.025519,0.672813,-0.739372),FOV=70.00,Time=0.0392},
{Pos=Vector3.new(-1113.935,1845.149,265.316),Vel=Vector3.new(-0.000,0.010,0.000),Move=Vector3.new(0.000,0,0.000),CFrame=CFrame.new(-1114.939,1882.518,225.966,-0.999674,0.017175,-0.018874,0.000000,0.739613,0.673032,0.025519,0.672813,-0.739372),FOV=70.00,Time=0.0559},
{Pos=Vector3.new(-1113.935,1845.149,265.316),Vel=Vector3.new(0.000,0.010,-0.000),Move=Vector3.new(0.000,0,0.000),CFrame=CFrame.new(-1114.939,1882.518,225.966,-0.999674,0.017175,-0.018874,0.000000,0.739613,0.673032,0.025519,0.672813,-0.739372),FOV=70.00,Time=0.0741},
{Pos=Vector3.new(-1113.935,1845.149,265.316),Vel=Vector3.new(0.000,0.010,-0.000),Move=Vector3.new(0.000,0,0.000),CFrame=CFrame.new(-1114.939,1882.518,225.966,-0.999674,0.017175,-0.018874,0.000000,0.739613,0.673032,0.025519,0.672813,-0.739372),FOV=70.00,Time=0.0962},
{Pos=Vector3.new(-1113.935,1845.149,265.316),Vel=Vector3.new(0.000,0.010,-0.000),Move=Vector3.new(0.000,0,0.000),CFrame=CFrame.new(-1114.939,1882.518,225.966,-0.999674,0.017175,-0.018874,0.000000,0.739613,0.673032,0.025519,0.672813,-0.739372),FOV=70.00,Time=0.1145},
{Pos=Vector3.new(-1113.935,1845.149,265.316),Vel=Vector3.new(0.000,0.010,-0.000),Move=Vector3.new(0.000,0,0.000),CFrame=CFrame.new(-1114.939,1882.518,225.966,-0.999674,0.017175,-0.018874,0.000000,0.739613,0.673032,0.025519,0.672813,-0.739372),FOV=70.00,Time=0.1331},
{Pos=Vector3.new(-1113.935,1845.149,265.316),Vel=Vector3.new(0.000,0.010,-0.000),Move=Vector3.new(0.000,0,0.000),CFrame=CFrame.new(-1114.939,1882.518,225.966,-0.999674,0.017175,-0.018874,0.000000,0.739613,0.673032,0.025519,0.672813,-0.739372),FOV=70.00,Time=0.1539},
{Pos=Vector3.new(-1113.935,1845.149,265.316),Vel=Vector3.new(0.000,0.010,-0.000),Move=Vector3.new(0.000,0,0.000),CFrame=CFrame.new(-1114.939,1882.518,225.966,-0.999674,0.017175,-0.018874,0.000000,0.739613,0.673032,0.025519,0.672813,-0.739372),FOV=70.00,Time=0.1771},
{Pos=Vector3.new(-1113.935,1845.149,265.316),Vel=Vector3.new(-0.000,0.010,0.000),Move=Vector3.new(0.000,0,0.000),CFrame=CFrame.new(-1114.939,1882.518,225.966,-0.999674,0.017175,-0.018874,0.000000,0.739613,0.673032,0.025519,0.672813,-0.739372),FOV=70.00,Time=0.1939},
{Pos=Vector3.new(-1113.935,1845.149,265.316),Vel=Vector3.new(-0.000,0.010,0.000),Move=Vector3.new(0.000,0,0.000),CFrame=CFrame.new(-1114.939,1882.518,225.966,-0.999674,0.017175,-0.018874,0.000000,0.739613,0.673032,0.025519,0.672813,-0.739372),FOV=70.00,Time=0.2134},
{Pos=Vector3.new(-1113.935,1845.149,265.316),Vel=Vector3.new(-0.000,0.010,0.000),Move=Vector3.new(0.000,0,0.000),CFrame=CFrame.new(-1114.939,1882.518,225.966,-0.999674,0.017175,-0.018874,0.000000,0.739613,0.673032,0.025519,0.672813,-0.739372),FOV=70.00,Time=0.2346},
{Pos=Vector3.new(-1113.935,1845.149,265.316),Vel=Vector3.new(-0.000,0.010,0.000),Move=Vector3.new(0.000,0,0.000),CFrame=CFrame.new(-1114.939,1882.518,225.966,-0.999674,0.017175,-0.018874,0.000000,0.739613,0.673032,0.025519,0.672813,-0.739372),FOV=70.00,Time=0.2529},
{Pos=Vector3.new(-1113.935,1845.149,265.316),Vel=Vector3.new(-0.000,0.010,0.000),Move=Vector3.new(0.000,0,0.000),CFrame=CFrame.new(-1114.939,1882.518,225.966,-0.999674,0.017175,-0.018874,0.000000,0.739613,0.673032,0.025519,0.672813,-0.739372),FOV=70.00,Time=0.2719},
{Pos=Vector3.new(-1113.935,1845.149,265.316),Vel=Vector3.new(0.000,0.010,-0.000),Move=Vector3.new(0.000,0,0.000),CFrame=CFrame.new(-1114.939,1882.518,225.966,-0.999674,0.017175,-0.018874,0.000000,0.739613,0.673032,0.025519,0.672813,-0.739372),FOV=70.00,Time=0.2912},
{Pos=Vector3.new(-1113.935,1845.149,265.316),Vel=Vector3.new(0.000,0.010,-0.000),Move=Vector3.new(0.000,0,0.000),CFrame=CFrame.new(-1114.939,1882.518,225.966,-0.999674,0.017175,-0.018874,0.000000,0.739613,0.673032,0.025519,0.672813,-0.739372),FOV=70.00,Time=0.3087},
{Pos=Vector3.new(-1113.935,1845.149,265.316),Vel=Vector3.new(0.000,0.010,-0.000),Move=Vector3.new(0.000,0,0.000),CFrame=CFrame.new(-1114.939,1882.518,225.966,-0.999674,0.017175,-0.018874,0.000000,0.739613,0.673032,0.025519,0.672813,-0.739372),FOV=70.00,Time=0.3294},
{Pos=Vector3.new(-1113.935,1845.149,265.316),Vel=Vector3.new(0.000,0.010,-0.000),Move=Vector3.new(0.000,0,0.000),CFrame=CFrame.new(-1114.939,1882.518,225.966,-0.999674,0.017175,-0.018874,0.000000,0.739613,0.673032,0.025519,0.672813,-0.739372),FOV=70.00,Time=0.3476},
{Pos=Vector3.new(-1113.935,1845.149,265.316),Vel=Vector3.new(0.000,0.010,-0.000),Move=Vector3.new(0.000,0,0.000),CFrame=CFrame.new(-1114.939,1882.518,225.966,-0.999674,0.017175,-0.018874,0.000000,0.739613,0.673032,0.025519,0.672813,-0.739372),FOV=70.00,Time=0.3681},
{Pos=Vector3.new(-1113.935,1845.149,265.316),Vel=Vector3.new(0.000,0.010,-0.000),Move=Vector3.new(0.000,0,0.000),CFrame=CFrame.new(-1114.939,1882.518,225.966,-0.999674,0.017175,-0.018874,0.000000,0.739613,0.673032,0.025519,0.672813,-0.739372),FOV=70.00,Time=0.3872},
{Pos=Vector3.new(-1113.935,1845.149,265.316),Vel=Vector3.new(0.000,0.010,-0.000),Move=Vector3.new(0.000,0,0.000),CFrame=CFrame.new(-1114.939,1882.518,225.966,-0.999674,0.017175,-0.018874,0.000000,0.739613,0.673032,0.025519,0.672813,-0.739372),FOV=70.00,Time=0.4049},
{Pos=Vector3.new(-1113.935,1845.149,265.316),Vel=Vector3.new(-0.000,0.010,0.000),Move=Vector3.new(0.000,0,0.000),CFrame=CFrame.new(-1114.939,1882.518,225.966,-0.999674,0.017175,-0.018874,0.000000,0.739613,0.673032,0.025519,0.672813,-0.739372),FOV=70.00,Time=0.4236},
{Pos=Vector3.new(-1113.935,1845.149,265.316),Vel=Vector3.new(-0.000,0.010,0.000),Move=Vector3.new(0.000,0,0.000),CFrame=CFrame.new(-1114.939,1882.518,225.966,-0.999674,0.017175,-0.018874,0.000000,0.739613,0.673032,0.025519,0.672813,-0.739372),FOV=70.00,Time=0.4427},
{Pos=Vector3.new(-1113.935,1845.149,265.316),Vel=Vector3.new(-0.000,0.010,0.000),Move=Vector3.new(0.000,0,0.000),CFrame=CFrame.new(-1114.939,1882.518,225.966,-0.999674,0.017175,-0.018874,0.000000,0.739613,0.673032,0.025519,0.672813,-0.739372),FOV=70.00,Time=0.4618},
{Pos=Vector3.new(-1113.935,1845.149,265.316),Vel=Vector3.new(-0.000,0.010,0.000),Move=Vector3.new(0.000,0,0.000),CFrame=CFrame.new(-1114.939,1882.518,225.966,-0.999674,0.017175,-0.018874,0.000000,0.739613,0.673032,0.025519,0.672813,-0.739372),FOV=70.00,Time=0.4809},
{Pos=Vector3.new(-1113.935,1845.149,265.316),Vel=Vector3.new(-0.000,0.010,0.000),Move=Vector3.new(0.000,0,0.000),CFrame=CFrame.new(-1114.939,1882.518,225.966,-0.999674,0.017175,-0.018874,0.000000,0.739613,0.673032,0.025519,0.672813,-0.739372),FOV=70.00,Time=0.5035},
{Pos=Vector3.new(-1113.935,1845.149,265.316),Vel=Vector3.new(0.000,0.010,-0.000),Move=Vector3.new(0.000,0,0.000),CFrame=CFrame.new(-1114.939,1882.518,225.966,-0.999674,0.017175,-0.018874,0.000000,0.739613,0.673032,0.025519,0.672813,-0.739372),FOV=70.00,Time=0.5184},
{Pos=Vector3.new(-1113.935,1845.149,265.316),Vel=Vector3.new(0.000,0.010,-0.000),Move=Vector3.new(0.000,0,0.000),CFrame=CFrame.new(-1114.939,1882.518,225.966,-0.999674,0.017175,-0.018874,0.000000,0.739613,0.673032,0.025519,0.672813,-0.739372),FOV=70.00,Time=0.5380},
{Pos=Vector3.new(-1113.935,1845.149,265.316),Vel=Vector3.new(0.000,0.010,-0.000),Move=Vector3.new(0.000,0,0.000),CFrame=CFrame.new(-1114.939,1882.518,225.966,-0.999674,0.017175,-0.018874,0.000000,0.739613,0.673032,0.025519,0.672813,-0.739372),FOV=70.00,Time=0.5583},
{Pos=Vector3.new(-1113.935,1845.149,265.316),Vel=Vector3.new(0.000,0.010,-0.000),Move=Vector3.new(0.000,0,0.000),CFrame=CFrame.new(-1114.939,1882.518,225.966,-0.999674,0.017175,-0.018874,0.000000,0.739613,0.673032,0.025519,0.672813,-0.739372),FOV=70.00,Time=0.5755},
{Pos=Vector3.new(-1113.935,1845.149,265.316),Vel=Vector3.new(0.000,0.010,-0.000),Move=Vector3.new(0.000,0,0.000),CFrame=CFrame.new(-1114.939,1882.518,225.966,-0.999674,0.017175,-0.018874,0.000000,0.739613,0.673032,0.025519,0.672813,-0.739372),FOV=70.00,Time=0.5946},
{Pos=Vector3.new(-1113.935,1845.149,265.316),Vel=Vector3.new(0.000,0.010,-0.000),Move=Vector3.new(0.000,0,0.000),CFrame=CFrame.new(-1114.939,1882.518,225.966,-0.999674,0.017175,-0.018874,0.000000,0.739613,0.673032,0.025519,0.672813,-0.739372),FOV=70.00,Time=0.6149},
{Pos=Vector3.new(-1113.935,1845.149,265.316),Vel=Vector3.new(0.000,0.010,-0.000),Move=Vector3.new(0.000,0,0.000),CFrame=CFrame.new(-1114.939,1882.518,225.966,-0.999674,0.017175,-0.018874,0.000000,0.739613,0.673032,0.025519,0.672813,-0.739372),FOV=70.00,Time=0.6365},
{Pos=Vector3.new(-1113.935,1845.149,265.316),Vel=Vector3.new(-0.000,0.010,0.000),Move=Vector3.new(0.000,0,0.000),CFrame=CFrame.new(-1114.939,1882.518,225.966,-0.999674,0.017175,-0.018874,0.000000,0.739613,0.673032,0.025519,0.672813,-0.739372),FOV=70.00,Time=0.6526},
{Pos=Vector3.new(-1113.935,1845.149,265.316),Vel=Vector3.new(-0.000,0.010,0.000),Move=Vector3.new(0.000,0,0.000),CFrame=CFrame.new(-1114.939,1882.518,225.966,-0.999674,0.017175,-0.018874,0.000000,0.739613,0.673032,0.025519,0.672813,-0.739372),FOV=70.00,Time=0.6726},
{Pos=Vector3.new(-1113.935,1845.149,265.316),Vel=Vector3.new(-0.000,0.010,0.000),Move=Vector3.new(0.000,0,0.000),CFrame=CFrame.new(-1114.939,1882.518,225.966,-0.999674,0.017175,-0.018874,0.000000,0.739613,0.673032,0.025519,0.672813,-0.739372),FOV=70.00,Time=0.6907},
{Pos=Vector3.new(-1113.935,1845.149,265.316),Vel=Vector3.new(-0.000,0.010,0.000),Move=Vector3.new(0.000,0,0.000),CFrame=CFrame.new(-1114.939,1882.518,225.966,-0.999674,0.017175,-0.018874,0.000000,0.739613,0.673032,0.025519,0.672813,-0.739372),FOV=70.00,Time=0.7093},
{Pos=Vector3.new(-1113.935,1845.149,265.316),Vel=Vector3.new(-0.000,0.010,0.000),Move=Vector3.new(0.000,0,0.000),CFrame=CFrame.new(-1114.939,1882.518,225.966,-0.999674,0.017175,-0.018874,0.000000,0.739613,0.673032,0.025519,0.672813,-0.739372),FOV=70.00,Time=0.7285},
{Pos=Vector3.new(-1113.935,1845.149,265.316),Vel=Vector3.new(0.000,0.010,-0.000),Move=Vector3.new(0.000,0,0.000),CFrame=CFrame.new(-1114.939,1882.518,225.966,-0.999674,0.017175,-0.018874,0.000000,0.739613,0.673032,0.025519,0.672813,-0.739372),FOV=70.00,Time=0.7475},
{Pos=Vector3.new(-1113.935,1845.149,265.316),Vel=Vector3.new(0.000,0.010,-0.000),Move=Vector3.new(0.000,0,0.000),CFrame=CFrame.new(-1114.939,1882.518,225.966,-0.999674,0.017175,-0.018874,0.000000,0.739613,0.673032,0.025519,0.672813,-0.739372),FOV=70.00,Time=0.7654},
{Pos=Vector3.new(-1113.935,1845.149,265.316),Vel=Vector3.new(0.000,0.010,-0.000),Move=Vector3.new(0.000,0,0.000),CFrame=CFrame.new(-1114.939,1882.518,225.966,-0.999674,0.017175,-0.018874,0.000000,0.739613,0.673032,0.025519,0.672813,-0.739372),FOV=70.00,Time=0.7866},
{Pos=Vector3.new(-1113.935,1845.149,265.316),Vel=Vector3.new(0.000,0.010,-0.000),Move=Vector3.new(0.000,0,0.000),CFrame=CFrame.new(-1114.939,1882.518,225.966,-0.999674,0.017175,-0.018874,0.000000,0.739613,0.673032,0.025519,0.672813,-0.739372),FOV=70.00,Time=0.8053},
{Pos=Vector3.new(-1113.935,1845.149,265.316),Vel=Vector3.new(0.000,0.010,-0.000),Move=Vector3.new(0.000,0,0.000),CFrame=CFrame.new(-1114.939,1882.518,225.966,-0.999674,0.017175,-0.018874,0.000000,0.739613,0.673032,0.025519,0.672813,-0.739372),FOV=70.00,Time=0.8257},
{Pos=Vector3.new(-1113.935,1845.149,265.316),Vel=Vector3.new(0.000,0.010,-0.000),Move=Vector3.new(0.000,0,0.000),CFrame=CFrame.new(-1114.939,1882.518,225.966,-0.999674,0.017175,-0.018874,0.000000,0.739613,0.673032,0.025519,0.672813,-0.739372),FOV=70.00,Time=0.8439},
{Pos=Vector3.new(-1113.935,1845.149,265.316),Vel=Vector3.new(0.000,0.010,-0.000),Move=Vector3.new(0.000,0,0.000),CFrame=CFrame.new(-1114.939,1882.518,225.966,-0.999674,0.017175,-0.018874,0.000000,0.739613,0.673032,0.025519,0.672813,-0.739372),FOV=70.00,Time=0.8602},
{Pos=Vector3.new(-1113.935,1845.149,265.316),Vel=Vector3.new(-0.000,0.010,0.000),Move=Vector3.new(0.000,0,0.000),CFrame=CFrame.new(-1114.939,1882.518,225.966,-0.999674,0.017175,-0.018874,0.000000,0.739613,0.673032,0.025519,0.672813,-0.739372),FOV=70.00,Time=0.8801},
{Pos=Vector3.new(-1113.935,1845.149,265.316),Vel=Vector3.new(-0.000,0.010,0.000),Move=Vector3.new(0.000,0,0.000),CFrame=CFrame.new(-1114.939,1882.518,225.966,-0.999674,0.017175,-0.018874,0.000000,0.739613,0.673032,0.025519,0.672813,-0.739372),FOV=70.00,Time=0.9016},
{Pos=Vector3.new(-1113.935,1845.149,265.316),Vel=Vector3.new(-0.000,0.010,0.000),Move=Vector3.new(0.000,0,0.000),CFrame=CFrame.new(-1114.939,1882.518,225.966,-0.999674,0.017175,-0.018874,0.000000,0.739613,0.673032,0.025519,0.672813,-0.739372),FOV=70.00,Time=0.9197},
{Pos=Vector3.new(-1113.935,1845.149,265.316),Vel=Vector3.new(-0.000,0.010,0.000),Move=Vector3.new(0.000,0,0.000),CFrame=CFrame.new(-1114.489,1881.909,225.412,-0.999904,0.009187,-0.010413,0.000000,0.749863,0.661594,0.013886,0.661530,-0.749790),FOV=70.00,Time=0.9403},
{Pos=Vector3.new(-1113.935,1845.149,265.316),Vel=Vector3.new(-0.000,0.010,0.000),Move=Vector3.new(0.000,0,0.000),CFrame=CFrame.new(-1113.057,1879.714,223.583,-0.999779,-0.013039,0.016485,0.000000,0.784327,0.620348,-0.021018,0.620211,-0.784154),FOV=70.00,Time=0.9617},
{Pos=Vector3.new(-1113.935,1845.149,265.316),Vel=Vector3.new(0.000,0.010,-0.000),Move=Vector3.new(0.000,0,0.000),CFrame=CFrame.new(-1112.547,1878.744,222.847,-0.999467,-0.019658,0.026067,0.000000,0.798409,0.602115,-0.032649,0.601794,-0.797984),FOV=70.00,Time=0.9807},
{Pos=Vector3.new(-1113.935,1845.149,265.316),Vel=Vector3.new(0.000,0.010,-0.000),Move=Vector3.new(0.000,0,0.000),CFrame=CFrame.new(-1111.480,1876.753,221.462,-0.998437,-0.031565,0.046132,0.000000,0.825296,0.564701,-0.055897,0.563818,-0.824005),FOV=70.00,Time=1.0006},
{Pos=Vector3.new(-1113.935,1845.149,265.316),Vel=Vector3.new(0.000,0.010,-0.000),Move=Vector3.new(0.000,0,0.000),CFrame=CFrame.new(-1110.939,1876.074,221.038,-0.997719,-0.037263,0.056295,0.000000,0.833871,0.551959,-0.067510,0.550700,-0.831969),FOV=70.00,Time=1.0180},
{Pos=Vector3.new(-1113.935,1845.149,265.316),Vel=Vector3.new(0.000,0.010,-0.000),Move=Vector3.new(0.000,0,0.000),CFrame=CFrame.new(-1110.354,1874.698,220.198,-0.996866,-0.041622,0.067282,0.000000,0.850430,0.526088,-0.079116,0.524439,-0.847764),FOV=70.00,Time=1.0371},
{Pos=Vector3.new(-1113.935,1845.149,265.316),Vel=Vector3.new(0.000,0.010,-0.000),Move=Vector3.new(0.000,0,0.000),CFrame=CFrame.new(-1109.772,1873.648,219.612,-0.995878,-0.045931,0.078220,0.000000,0.862324,0.506358,-0.090708,0.504270,-0.858769),FOV=70.00,Time=1.0595},
{Pos=Vector3.new(-1113.935,1845.149,265.316),Vel=Vector3.new(0.000,0.010,-0.000),Move=Vector3.new(0.000,0,0.000),CFrame=CFrame.new(-1109.735,1872.940,219.205,-0.995878,-0.044724,0.078916,0.000000,0.869999,0.493054,-0.090708,0.491022,-0.866412),FOV=70.00,Time=1.0818},
{Pos=Vector3.new(-1113.935,1845.149,265.316),Vel=Vector3.new(-0.000,0.010,0.000),Move=Vector3.new(0.000,0,0.000),CFrame=CFrame.new(-1109.158,1872.225,218.862,-0.994755,-0.049061,0.089755,0.000000,0.877468,0.479635,-0.102289,0.477119,-0.872866),FOV=70.00,Time=1.1137},
{Pos=Vector3.new(-1113.935,1845.149,265.316),Vel=Vector3.new(-0.000,0.010,0.000),Move=Vector3.new(0.000,0,0.000),CFrame=CFrame.new(-1108.552,1871.143,218.349,-0.993497,-0.052294,0.101138,0.000000,0.888285,0.459294,-0.113858,0.456307,-0.882508),FOV=70.00,Time=1.1405},
{Pos=Vector3.new(-1113.935,1845.149,265.316),Vel=Vector3.new(-0.000,0.010,0.000),Move=Vector3.new(0.000,0,0.000),CFrame=CFrame.new(-1107.960,1870.414,218.048,-0.992105,-0.055882,0.112270,0.000000,0.895234,0.445597,-0.125409,0.442079,-0.888166),FOV=70.00,Time=1.1663},
{Pos=Vector3.new(-1113.935,1845.149,265.316),Vel=Vector3.new(0.000,0.010,-0.000),Move=Vector3.new(0.000,0,0.000),CFrame=CFrame.new(-1107.410,1870.414,218.120,-0.990579,-0.061021,0.122596,0.000000,0.895234,0.445597,-0.136943,0.441399,-0.886800),FOV=70.00,Time=1.1883},
{Pos=Vector3.new(-1113.935,1845.149,265.316),Vel=Vector3.new(0.000,0.010,-0.000),Move=Vector3.new(0.000,0,0.000),CFrame=CFrame.new(-1107.410,1870.414,218.120,-0.990579,-0.061021,0.122596,0.000000,0.895234,0.445597,-0.136943,0.441399,-0.886800),FOV=70.00,Time=1.2046},
{Pos=Vector3.new(-1113.935,1845.149,265.316),Vel=Vector3.new(0.000,0.010,-0.000),Move=Vector3.new(0.000,0,0.000),CFrame=CFrame.new(-1107.410,1870.414,218.120,-0.990579,-0.061021,0.122596,0.000000,0.895234,0.445597,-0.136943,0.441399,-0.886800),FOV=70.00,Time=1.2226},
{Pos=Vector3.new(-1113.935,1845.149,265.316),Vel=Vector3.new(0.000,0.010,-0.000),Move=Vector3.new(0.000,0,0.000),CFrame=CFrame.new(-1107.410,1870.414,218.120,-0.990579,-0.061021,0.122596,0.000000,0.895234,0.445597,-0.136943,0.441399,-0.886800),FOV=70.00,Time=1.2879},
{Pos=Vector3.new(-1113.935,1845.149,265.316),Vel=Vector3.new(0.000,0.010,-0.000),Move=Vector3.new(0.000,0,0.000),CFrame=CFrame.new(-1107.410,1870.414,218.120,-0.990579,-0.061021,0.122596,0.000000,0.895234,0.445597,-0.136943,0.441399,-0.886800),FOV=70.00,Time=1.3053},
{Pos=Vector3.new(-1113.935,1845.149,265.316),Vel=Vector3.new(-0.000,0.010,0.000),Move=Vector3.new(0.000,0,0.000),CFrame=CFrame.new(-1107.410,1870.414,218.120,-0.990579,-0.061021,0.122596,0.000000,0.895234,0.445597,-0.136943,0.441399,-0.886800),FOV=70.00,Time=1.3247},
{Pos=Vector3.new(-1113.935,1845.149,265.316),Vel=Vector3.new(-0.000,0.010,0.000),Move=Vector3.new(0.000,0,0.000),CFrame=CFrame.new(-1107.410,1870.414,218.120,-0.990579,-0.061021,0.122596,0.000000,0.895234,0.445597,-0.136943,0.441399,-0.886800),FOV=70.00,Time=1.3455},
{Pos=Vector3.new(-1113.935,1845.149,265.316),Vel=Vector3.new(-0.000,0.010,0.000),Move=Vector3.new(0.000,0,0.000),CFrame=CFrame.new(-1107.410,1870.414,218.120,-0.990579,-0.061021,0.122596,0.000000,0.895234,0.445597,-0.136943,0.441399,-0.886800),FOV=70.00,Time=1.3671},
{Pos=Vector3.new(-1113.935,1845.149,265.316),Vel=Vector3.new(-0.000,0.010,0.000),Move=Vector3.new(0.000,0,0.000),CFrame=CFrame.new(-1107.410,1870.414,218.120,-0.990579,-0.061021,0.122596,0.000000,0.895234,0.445597,-0.136943,0.441399,-0.886800),FOV=70.00,Time=1.3888},
{Pos=Vector3.new(-1113.935,1845.149,265.316),Vel=Vector3.new(-0.000,0.010,0.000),Move=Vector3.new(0.000,0,0.000),CFrame=CFrame.new(-1107.410,1870.414,218.120,-0.990579,-0.061021,0.122596,0.000000,0.895234,0.445597,-0.136943,0.441399,-0.886800),FOV=70.00,Time=1.4021},
{Pos=Vector3.new(-1113.935,1845.149,265.316),Vel=Vector3.new(0.000,0.010,-0.000),Move=Vector3.new(0.000,0,0.000),CFrame=CFrame.new(-1107.410,1870.414,218.120,-0.990579,-0.061021,0.122596,0.000000,0.895234,0.445597,-0.136943,0.441399,-0.886800),FOV=70.00,Time=1.4272},
{Pos=Vector3.new(-1113.935,1845.149,265.316),Vel=Vector3.new(0.000,0.010,-0.000),Move=Vector3.new(0.000,0,0.000),CFrame=CFrame.new(-1107.410,1870.414,218.120,-0.990579,-0.061021,0.122596,0.000000,0.895234,0.445597,-0.136943,0.441399,-0.886800),FOV=70.00,Time=1.4492},
{Pos=Vector3.new(-1114.061,1845.149,265.490),Vel=Vector3.new(-4.951,0.010,6.555),Move=Vector3.new(-0.590,0,0.807),CFrame=CFrame.new(-1107.410,1870.414,218.120,-0.990579,-0.061021,0.122596,0.000000,0.895234,0.445597,-0.136943,0.441399,-0.886800),FOV=70.00,Time=1.4717},
{Pos=Vector3.new(-1114.366,1845.149,265.870),Vel=Vector3.new(-12.038,0.010,14.827),Move=Vector3.new(-0.627,0,0.779),CFrame=CFrame.new(-1107.536,1870.414,218.295,-0.990579,-0.061021,0.122596,0.000000,0.895234,0.445597,-0.136943,0.441399,-0.886800),FOV=70.00,Time=1.4919},
{Pos=Vector3.new(-1114.718,1845.149,266.264),Vel=Vector3.new(-21.688,0.010,24.231),Move=Vector3.new(-0.667,0,0.745),CFrame=CFrame.new(-1107.842,1870.414,218.674,-0.990579,-0.061021,0.122596,0.000000,0.895234,0.445597,-0.136943,0.441399,-0.886800),FOV=70.00,Time=1.5103},
{Pos=Vector3.new(-1115.284,1845.149,266.847),Vel=Vector3.new(-22.721,0.010,23.377),Move=Vector3.new(-0.698,0,0.717),CFrame=CFrame.new(-1108.193,1870.414,219.069,-0.990579,-0.061021,0.122596,0.000000,0.895234,0.445597,-0.136943,0.441399,-0.886800),FOV=70.00,Time=1.5350},
{Pos=Vector3.new(-1116.142,1845.149,267.713),Vel=Vector3.new(-22.888,0.010,23.162),Move=Vector3.new(-0.704,0,0.710),CFrame=CFrame.new(-1108.759,1870.414,219.652,-0.990579,-0.061021,0.122596,0.000000,0.895234,0.445597,-0.136943,0.441399,-0.886800),FOV=70.00,Time=1.5772},
{Pos=Vector3.new(-1116.802,1845.149,268.393),Vel=Vector3.new(-22.651,0.010,23.356),Move=Vector3.new(-0.697,0,0.717),CFrame=CFrame.new(-1109.617,1870.414,220.517,-0.990579,-0.061021,0.122596,0.000000,0.895234,0.445597,-0.136943,0.441399,-0.886800),FOV=70.00,Time=1.6047},
{Pos=Vector3.new(-1117.265,1845.149,268.887),Vel=Vector3.new(-22.192,0.010,23.777),Move=Vector3.new(-0.683,0,0.730),CFrame=CFrame.new(-1110.278,1870.414,221.197,-0.990579,-0.061021,0.122596,0.000000,0.895234,0.445597,-0.136943,0.441399,-0.886800),FOV=70.00,Time=1.6228},
{Pos=Vector3.new(-1117.728,1845.149,269.381),Vel=Vector3.new(-22.190,0.010,23.768),Move=Vector3.new(-0.683,0,0.730),CFrame=CFrame.new(-1110.741,1870.414,221.691,-0.990579,-0.061021,0.122596,0.000000,0.895234,0.445597,-0.136943,0.441399,-0.886800),FOV=70.00,Time=1.6474},
{Pos=Vector3.new(-1118.271,1845.149,269.985),Vel=Vector3.new(-21.724,0.010,24.188),Move=Vector3.new(-0.669,0,0.743),CFrame=CFrame.new(-1111.203,1870.414,222.186,-0.990579,-0.061021,0.122596,0.000000,0.895234,0.445597,-0.136943,0.441399,-0.886800),FOV=70.00,Time=1.6704},
{Pos=Vector3.new(-1118.713,1845.149,270.498),Vel=Vector3.new(-21.169,0.010,24.671),Move=Vector3.new(-0.652,0,0.758),CFrame=CFrame.new(-1111.747,1870.414,222.789,-0.990579,-0.061021,0.122596,0.000000,0.895234,0.445597,-0.136943,0.441399,-0.886800),FOV=70.00,Time=1.6902},
{Pos=Vector3.new(-1119.134,1845.149,271.029),Vel=Vector3.new(-20.134,0.010,25.521),Move=Vector3.new(-0.620,0,0.785),CFrame=CFrame.new(-1112.189,1870.414,223.303,-0.990579,-0.061021,0.122596,0.000000,0.895234,0.445597,-0.136943,0.441399,-0.886800),FOV=70.00,Time=1.7108},
{Pos=Vector3.new(-1119.462,1845.149,271.460),Vel=Vector3.new(-19.637,0.010,25.904),Move=Vector3.new(-0.604,0,0.797),CFrame=CFrame.new(-1112.609,1870.414,223.833,-0.990579,-0.061021,0.122596,0.000000,0.895234,0.445597,-0.136943,0.441399,-0.886800),FOV=70.00,Time=1.7278},
{Pos=Vector3.new(-1119.856,1845.149,272.010),Vel=Vector3.new(-18.858,0.010,26.475),Move=Vector3.new(-0.581,0,0.814),CFrame=CFrame.new(-1112.937,1870.414,224.264,-0.990579,-0.061021,0.122596,0.000000,0.895234,0.445597,-0.136943,0.441399,-0.886800),FOV=70.00,Time=1.7485},
{Pos=Vector3.new(-1120.304,1845.149,272.688),Vel=Vector3.new(-17.875,0.010,27.148),Move=Vector3.new(-0.550,0,0.835),CFrame=CFrame.new(-1113.331,1870.414,224.815,-0.990579,-0.061021,0.122596,0.000000,0.895234,0.445597,-0.136943,0.441399,-0.886800),FOV=70.00,Time=1.7726},
{Pos=Vector3.new(-1120.635,1845.149,273.279),Vel=Vector3.new(-15.807,0.010,28.403),Move=Vector3.new(-0.487,0,0.874),CFrame=CFrame.new(-1113.779,1870.414,225.492,-0.990579,-0.061021,0.122596,0.000000,0.895234,0.445597,-0.136943,0.441399,-0.886800),FOV=70.00,Time=1.7941},
{Pos=Vector3.new(-1120.948,1845.149,273.879),Vel=Vector3.new(-15.019,0.010,28.826),Move=Vector3.new(-0.462,0,0.887),CFrame=CFrame.new(-1114.110,1870.414,226.083,-0.990579,-0.061021,0.122596,0.000000,0.895234,0.445597,-0.136943,0.441399,-0.886800),FOV=70.00,Time=1.8174},
{Pos=Vector3.new(-1121.294,1845.149,274.614),Vel=Vector3.new(-13.758,0.010,29.449),Move=Vector3.new(-0.424,0,0.906),CFrame=CFrame.new(-1114.424,1870.414,226.683,-0.990579,-0.061021,0.122596,0.000000,0.895234,0.445597,-0.136943,0.441399,-0.886800),FOV=70.00,Time=1.8458},
{Pos=Vector3.new(-1121.909,1845.149,276.118),Vel=Vector3.new(-12.276,0.010,30.096),Move=Vector3.new(-0.378,0,0.926),CFrame=CFrame.new(-1114.769,1870.414,227.419,-0.990579,-0.061021,0.122596,0.000000,0.895234,0.445597,-0.136943,0.441399,-0.886800),FOV=70.00,Time=1.8940},
{Pos=Vector3.new(-1122.274,1845.149,277.138),Vel=Vector3.new(-10.967,0.010,30.596),Move=Vector3.new(-0.338,0,0.941),CFrame=CFrame.new(-1115.384,1870.414,228.923,-0.990579,-0.061021,0.122596,0.000000,0.895234,0.445597,-0.136943,0.441399,-0.886800),FOV=70.00,Time=1.9266},
{Pos=Vector3.new(-1122.894,1845.149,278.930),Vel=Vector3.new(-10.602,0.010,30.723),Move=Vector3.new(-0.326,0,0.945),CFrame=CFrame.new(-1115.750,1870.414,229.942,-0.990579,-0.061021,0.122596,0.000000,0.895234,0.445597,-0.136943,0.441399,-0.886800),FOV=70.00,Time=1.9857},
{Pos=Vector3.new(-1123.247,1845.149,279.954),Vel=Vector3.new(-10.606,0.010,30.721),Move=Vector3.new(-0.326,0,0.945),CFrame=CFrame.new(-1116.369,1870.414,231.734,-0.990579,-0.061021,0.122596,0.000000,0.895234,0.445597,-0.136943,0.441399,-0.886800),FOV=70.00,Time=2.0540},
{Pos=Vector3.new(-1123.984,1845.149,281.992),Vel=Vector3.new(-11.037,0.010,30.569),Move=Vector3.new(-0.340,0,0.941),CFrame=CFrame.new(-1116.723,1870.414,232.758,-0.990579,-0.061021,0.122596,0.000000,0.895234,0.445597,-0.136943,0.441399,-0.886800),FOV=70.00,Time=2.1047},
{Pos=Vector3.new(-1124.542,1845.149,283.518),Vel=Vector3.new(-11.166,0.010,30.522),Move=Vector3.new(-0.344,0,0.939),CFrame=CFrame.new(-1117.459,1870.414,234.796,-0.990579,-0.061021,0.122596,0.000000,0.895234,0.445597,-0.136943,0.441399,-0.886800),FOV=70.00,Time=2.1583},
{Pos=Vector3.new(-1125.110,1845.149,285.040),Vel=Vector3.new(-11.364,0.010,30.448),Move=Vector3.new(-0.350,0,0.937),CFrame=CFrame.new(-1118.017,1870.414,236.322,-0.990579,-0.061021,0.122596,0.000000,0.895234,0.445597,-0.136943,0.441399,-0.886800),FOV=70.00,Time=2.2059},
{Pos=Vector3.new(-1125.537,1845.149,286.182),Vel=Vector3.new(-11.365,0.010,30.448),Move=Vector3.new(-0.350,0,0.937),CFrame=CFrame.new(-1118.586,1870.414,237.845,-0.990579,-0.061021,0.122596,0.000000,0.895234,0.445597,-0.136943,0.441399,-0.886800),FOV=70.00,Time=2.2348},
{Pos=Vector3.new(-1126.294,1845.149,288.212),Vel=Vector3.new(-11.365,0.010,30.448),Move=Vector3.new(-0.350,0,0.937),CFrame=CFrame.new(-1119.012,1870.414,238.986,-0.990579,-0.061021,0.122596,0.000000,0.895234,0.445597,-0.136943,0.441399,-0.886800),FOV=70.00,Time=2.3132},
{Pos=Vector3.new(-1126.709,1845.149,289.358),Vel=Vector3.new(-11.038,0.010,30.568),Move=Vector3.new(-0.340,0,0.941),CFrame=CFrame.new(-1119.770,1870.414,241.016,-0.990579,-0.061021,0.122596,0.000000,0.895234,0.445597,-0.136943,0.441399,-0.886800),FOV=70.00,Time=2.3462},
{Pos=Vector3.new(-1126.985,1845.149,290.122),Vel=Vector3.new(-11.039,0.010,30.568),Move=Vector3.new(-0.340,0,0.941),CFrame=CFrame.new(-1120.184,1870.414,242.162,-0.990579,-0.061021,0.122596,0.000000,0.895234,0.445597,-0.136943,0.441399,-0.886800),FOV=70.00,Time=2.3719},
{Pos=Vector3.new(-1127.357,1845.149,291.140),Vel=Vector3.new(-11.167,0.010,30.521),Move=Vector3.new(-0.344,0,0.939),CFrame=CFrame.new(-1120.460,1870.414,242.927,-0.990579,-0.061021,0.122596,0.000000,0.895234,0.445597,-0.136943,0.441399,-0.886800),FOV=70.00,Time=2.4003},
{Pos=Vector3.new(-1127.589,1845.149,291.776),Vel=Vector3.new(-11.132,0.010,30.534),Move=Vector3.new(-0.343,0,0.940),CFrame=CFrame.new(-1120.832,1870.414,243.944,-0.990579,-0.061021,0.122596,0.000000,0.895234,0.445597,-0.136943,0.441399,-0.886800),FOV=70.00,Time=2.4245},
{Pos=Vector3.new(-1127.862,1845.149,292.541),Vel=Vector3.new(-10.936,0.010,30.605),Move=Vector3.new(-0.337,0,0.942),CFrame=CFrame.new(-1121.064,1870.414,244.580,-0.990579,-0.061021,0.122596,0.000000,0.895234,0.445597,-0.136943,0.441399,-0.886800),FOV=70.00,Time=2.4484},
{Pos=Vector3.new(-1128.044,1845.149,293.051),Vel=Vector3.new(-10.936,0.010,30.605),Move=Vector3.new(-0.337,0,0.942),CFrame=CFrame.new(-1121.338,1870.414,245.345,-0.990579,-0.061021,0.122596,0.000000,0.895234,0.445597,-0.136943,0.441399,-0.886800),FOV=70.00,Time=2.4636},
{Pos=Vector3.new(-1128.271,1845.149,293.689),Vel=Vector3.new(-10.870,0.010,30.628),Move=Vector3.new(-0.334,0,0.942),CFrame=CFrame.new(-1121.520,1870.414,245.855,-0.990579,-0.061021,0.122596,0.000000,0.895234,0.445597,-0.136943,0.441399,-0.886800),FOV=70.00,Time=2.4879},
{Pos=Vector3.new(-1128.541,1845.149,294.456),Vel=Vector3.new(-10.804,0.010,30.652),Move=Vector3.new(-0.332,0,0.943),CFrame=CFrame.new(-1121.746,1870.414,246.494,-0.990579,-0.061021,0.122596,0.000000,0.895234,0.445597,-0.136943,0.441399,-0.886800),FOV=70.00,Time=2.5120},
{Pos=Vector3.new(-1128.766,1845.149,295.094),Vel=Vector3.new(-10.804,0.010,30.652),Move=Vector3.new(-0.332,0,0.943),CFrame=CFrame.new(-1122.016,1870.414,247.260,-0.990579,-0.061021,0.122596,0.000000,0.895234,0.445597,-0.136943,0.441399,-0.886800),FOV=70.00,Time=2.5319},
{Pos=Vector3.new(-1128.946,1845.149,295.605),Vel=Vector3.new(-10.772,0.010,30.663),Move=Vector3.new(-0.331,0,0.943),CFrame=CFrame.new(-1122.242,1870.414,247.898,-0.990579,-0.061021,0.122596,0.000000,0.895234,0.445597,-0.136943,0.441399,-0.886800),FOV=70.00,Time=2.5482},
{Pos=Vector3.new(-1129.170,1845.149,296.244),Vel=Vector3.new(-10.740,0.010,30.674),Move=Vector3.new(-0.330,0,0.944),CFrame=CFrame.new(-1122.422,1870.414,248.409,-0.990579,-0.061021,0.122596,0.000000,0.895234,0.445597,-0.136943,0.441399,-0.886800),FOV=70.00,Time=2.5653},
{Pos=Vector3.new(-1129.347,1845.149,296.756),Vel=Vector3.new(-10.585,0.010,30.728),Move=Vector3.new(-0.326,0,0.945),CFrame=CFrame.new(-1122.646,1870.414,249.048,-0.990579,-0.061021,0.122596,0.000000,0.895234,0.445597,-0.136943,0.441399,-0.886800),FOV=70.00,Time=2.5814},
{Pos=Vector3.new(-1129.566,1845.149,297.397),Vel=Vector3.new(-10.552,0.010,30.739),Move=Vector3.new(-0.325,0,0.946),CFrame=CFrame.new(-1122.822,1870.414,249.561,-0.990579,-0.061021,0.122596,0.000000,0.895234,0.445597,-0.136943,0.441399,-0.886800),FOV=70.00,Time=2.6047},
{Pos=Vector3.new(-1129.830,1845.149,298.165),Vel=Vector3.new(-10.552,0.010,30.739),Move=Vector3.new(-0.325,0,0.946),CFrame=CFrame.new(-1123.042,1870.414,250.201,-0.990579,-0.061021,0.122596,0.000000,0.895234,0.445597,-0.136943,0.441399,-0.886800),FOV=70.00,Time=2.6262},
{Pos=Vector3.new(-1130.003,1845.149,298.678),Vel=Vector3.new(-10.397,0.010,30.792),Move=Vector3.new(-0.320,0,0.947),CFrame=CFrame.new(-1123.305,1870.414,250.969,-0.990579,-0.061021,0.122596,0.000000,0.895234,0.445597,-0.136943,0.441399,-0.886800),FOV=70.00,Time=2.6525},
{Pos=Vector3.new(-1130.303,1845.149,299.578),Vel=Vector3.new(-10.267,0.010,30.836),Move=Vector3.new(-0.316,0,0.949),CFrame=CFrame.new(-1123.479,1870.414,251.483,-0.990579,-0.061021,0.122596,0.000000,0.895234,0.445597,-0.136943,0.441399,-0.886800),FOV=70.00,Time=2.6777},
{Pos=Vector3.new(-1130.513,1845.149,300.221),Vel=Vector3.new(-10.108,0.010,30.888),Move=Vector3.new(-0.311,0,0.950),CFrame=CFrame.new(-1123.778,1870.414,252.382,-0.990579,-0.061021,0.122596,0.000000,0.895234,0.445597,-0.136943,0.441399,-0.886800),FOV=70.00,Time=2.7014},
{Pos=Vector3.new(-1130.848,1845.149,301.252),Vel=Vector3.new(-10.005,0.010,30.922),Move=Vector3.new(-0.308,0,0.951),CFrame=CFrame.new(-1123.989,1870.414,253.025,-0.990579,-0.061021,0.122596,0.000000,0.895234,0.445597,-0.136943,0.441399,-0.886800),FOV=70.00,Time=2.7292},
{Pos=Vector3.new(-1131.013,1845.149,301.767),Vel=Vector3.new(-9.929,0.010,30.946),Move=Vector3.new(-0.306,0,0.952),CFrame=CFrame.new(-1124.323,1870.414,254.056,-0.990579,-0.061021,0.122596,0.000000,0.895234,0.445597,-0.136943,0.441399,-0.886800),FOV=70.00,Time=2.7465},
{Pos=Vector3.new(-1131.179,1845.149,302.283),Vel=Vector3.new(-9.929,0.010,30.946),Move=Vector3.new(-0.306,0,0.952),CFrame=CFrame.new(-1124.489,1870.414,254.572,-0.990579,-0.061021,0.122596,0.000000,0.895234,0.445597,-0.136943,0.441399,-0.886800),FOV=70.00,Time=2.7601},
{Pos=Vector3.new(-1131.344,1845.149,302.799),Vel=Vector3.new(-9.929,0.010,30.946),Move=Vector3.new(-0.306,0,0.952),CFrame=CFrame.new(-1124.654,1870.414,255.088,-0.990579,-0.061021,0.122596,0.000000,0.895234,0.445597,-0.136943,0.441399,-0.886800),FOV=70.00,Time=2.7779},
{Pos=Vector3.new(-1131.510,1845.149,303.315),Vel=Vector3.new(-9.929,0.010,30.946),Move=Vector3.new(-0.306,0,0.952),CFrame=CFrame.new(-1124.820,1870.414,255.603,-0.990579,-0.061021,0.122596,0.000000,0.895234,0.445597,-0.136943,0.441399,-0.886800),FOV=70.00,Time=2.7961},
{Pos=Vector3.new(-1131.714,1845.149,303.960),Vel=Vector3.new(-9.793,0.010,30.990),Move=Vector3.new(-0.301,0,0.954),CFrame=CFrame.new(-1124.985,1870.414,256.119,-0.990579,-0.061021,0.122596,0.000000,0.895234,0.445597,-0.136943,0.441399,-0.886800),FOV=70.00,Time=2.8172},
{Pos=Vector3.new(-1131.999,1845.149,304.864),Vel=Vector3.new(-9.793,0.010,30.990),Move=Vector3.new(-0.301,0,0.954),CFrame=CFrame.new(-1125.189,1870.414,256.765,-0.990579,-0.061021,0.122596,0.000000,0.895234,0.445597,-0.136943,0.441399,-0.886800),FOV=70.00,Time=2.8441},
{Pos=Vector3.new(-1132.160,1845.149,305.381),Vel=Vector3.new(-9.627,0.010,31.041),Move=Vector3.new(-0.296,0,0.955),CFrame=CFrame.new(-1125.475,1870.414,257.668,-0.990579,-0.061021,0.122596,0.000000,0.895234,0.445597,-0.136943,0.441399,-0.886800),FOV=70.00,Time=2.8679},
{Pos=Vector3.new(-1132.357,1845.149,306.029),Vel=Vector3.new(-9.434,0.010,31.101),Move=Vector3.new(-0.290,0,0.957),CFrame=CFrame.new(-1125.635,1870.414,258.186,-0.990579,-0.061021,0.122596,0.000000,0.895234,0.445597,-0.136943,0.441399,-0.886800),FOV=70.00,Time=2.8861},
{Pos=Vector3.new(-1132.514,1845.149,306.548),Vel=Vector3.new(-9.434,0.010,31.101),Move=Vector3.new(-0.290,0,0.957),CFrame=CFrame.new(-1125.832,1870.414,258.834,-0.990579,-0.061021,0.122596,0.000000,0.895234,0.445597,-0.136943,0.441399,-0.886800),FOV=70.00,Time=2.9005},
{Pos=Vector3.new(-1132.668,1845.149,307.067),Vel=Vector3.new(-9.244,0.010,31.158),Move=Vector3.new(-0.284,0,0.959),CFrame=CFrame.new(-1125.989,1870.414,259.352,-0.990579,-0.061021,0.122596,0.000000,0.895234,0.445597,-0.136943,0.441399,-0.886800),FOV=70.00,Time=2.9166},
{Pos=Vector3.new(-1132.822,1845.149,307.586),Vel=Vector3.new(-9.242,0.010,31.158),Move=Vector3.new(-0.284,0,0.959),CFrame=CFrame.new(-1126.144,1870.414,259.871,-0.990579,-0.061021,0.122596,0.000000,0.895234,0.445597,-0.136943,0.441399,-0.886800),FOV=70.00,Time=2.9326},
{Pos=Vector3.new(-1132.976,1845.149,308.105),Vel=Vector3.new(-9.218,0.010,31.165),Move=Vector3.new(-0.284,0,0.959),CFrame=CFrame.new(-1126.297,1870.414,260.390,-0.990579,-0.061021,0.122596,0.000000,0.895234,0.445597,-0.136943,0.441399,-0.886800),FOV=70.00,Time=2.9499},
{Pos=Vector3.new(-1133.167,1845.149,308.755),Vel=Vector3.new(-9.193,0.010,31.173),Move=Vector3.new(-0.283,0,0.959),CFrame=CFrame.new(-1126.451,1870.414,260.910,-0.990579,-0.061021,0.122596,0.000000,0.895234,0.445597,-0.136943,0.441399,-0.886800),FOV=70.00,Time=2.9715},
{Pos=Vector3.new(-1133.321,1845.149,309.274),Vel=Vector3.new(-9.193,0.010,31.173),Move=Vector3.new(-0.283,0,0.959),CFrame=CFrame.new(-1126.643,1870.414,261.559,-0.990579,-0.061021,0.122596,0.000000,0.895234,0.445597,-0.136943,0.441399,-0.886800),FOV=70.00,Time=2.9888},
{Pos=Vector3.new(-1133.665,1845.149,310.444),Vel=Vector3.new(-9.168,0.010,31.180),Move=Vector3.new(-0.282,0,0.959),CFrame=CFrame.new(-1126.796,1870.414,262.079,-0.990579,-0.061021,0.122596,0.000000,0.895234,0.445597,-0.136943,0.441399,-0.886800),FOV=70.00,Time=3.0303},
{Pos=Vector3.new(-1133.932,1845.149,311.353),Vel=Vector3.new(-9.168,0.010,31.180),Move=Vector3.new(-0.282,0,0.959),CFrame=CFrame.new(-1127.140,1870.414,263.248,-0.990579,-0.061021,0.122596,0.000000,0.895234,0.445597,-0.136943,0.441399,-0.886800),FOV=70.00,Time=3.0533},
{Pos=Vector3.new(-1134.087,1845.149,311.872),Vel=Vector3.new(-9.305,0.010,31.139),Move=Vector3.new(-0.286,0,0.958),CFrame=CFrame.new(-1127.408,1870.414,264.157,-0.990579,-0.061021,0.122596,0.000000,0.895234,0.445597,-0.136943,0.441399,-0.886800),FOV=70.00,Time=3.0683},
{Pos=Vector3.new(-1134.205,1845.149,312.261),Vel=Vector3.new(-9.464,0.010,31.092),Move=Vector3.new(-0.291,0,0.957),CFrame=CFrame.new(-1127.563,1870.414,264.676,-0.990579,-0.061021,0.122596,0.000000,0.895234,0.445597,-0.136943,0.441399,-0.886800),FOV=70.00,Time=3.0863},
{Pos=Vector3.new(-1134.406,1845.149,312.907),Vel=Vector3.new(-9.629,0.010,31.041),Move=Vector3.new(-0.296,0,0.955),CFrame=CFrame.new(-1127.681,1870.414,265.065,-0.990579,-0.061021,0.122596,0.000000,0.895234,0.445597,-0.136943,0.441399,-0.886800),FOV=70.00,Time=3.1162},
{Pos=Vector3.new(-1134.738,1845.149,313.939),Vel=Vector3.new(-9.951,0.010,30.939),Move=Vector3.new(-0.306,0,0.952),CFrame=CFrame.new(-1127.881,1870.414,265.712,-0.990579,-0.061021,0.122596,0.000000,0.895234,0.445597,-0.136943,0.441399,-0.886800),FOV=70.00,Time=3.1407},
{Pos=Vector3.new(-1134.904,1845.149,314.454),Vel=Vector3.new(-9.950,0.010,30.939),Move=Vector3.new(-0.306,0,0.952),CFrame=CFrame.new(-1128.213,1870.414,266.743,-0.990579,-0.061021,0.122596,0.000000,0.895234,0.445597,-0.136943,0.441399,-0.886800),FOV=70.00,Time=3.1550},
{Pos=Vector3.new(-1135.072,1845.149,314.969),Vel=Vector3.new(-10.108,0.010,30.888),Move=Vector3.new(-0.311,0,0.950),CFrame=CFrame.new(-1128.379,1870.414,267.259,-0.990579,-0.061021,0.122596,0.000000,0.895234,0.445597,-0.136943,0.441399,-0.886800),FOV=70.00,Time=3.1735},
{Pos=Vector3.new(-1135.286,1845.149,315.612),Vel=Vector3.new(-10.268,0.010,30.835),Move=Vector3.new(-0.316,0,0.949),CFrame=CFrame.new(-1128.548,1870.414,267.774,-0.990579,-0.061021,0.122596,0.000000,0.895234,0.445597,-0.136943,0.441399,-0.886800),FOV=70.00,Time=3.1892},
{Pos=Vector3.new(-1135.460,1845.149,316.125),Vel=Vector3.new(-10.426,0.010,30.782),Move=Vector3.new(-0.321,0,0.947),CFrame=CFrame.new(-1128.761,1870.414,268.416,-0.990579,-0.061021,0.122596,0.000000,0.895234,0.445597,-0.136943,0.441399,-0.886800),FOV=70.00,Time=3.2066},
{Pos=Vector3.new(-1135.945,1845.149,317.533),Vel=Vector3.new(-10.616,0.010,30.717),Move=Vector3.new(-0.327,0,0.945),CFrame=CFrame.new(-1128.935,1870.414,268.929,-0.990579,-0.061021,0.122596,0.000000,0.895234,0.445597,-0.136943,0.441399,-0.886800),FOV=70.00,Time=3.2532},
{Pos=Vector3.new(-1136.495,1845.149,319.062),Vel=Vector3.new(-10.997,0.010,30.583),Move=Vector3.new(-0.338,0,0.941),CFrame=CFrame.new(-1129.421,1870.414,270.337,-0.990579,-0.061021,0.122596,0.000000,0.895234,0.445597,-0.136943,0.441399,-0.886800),FOV=70.00,Time=3.3086},
{Pos=Vector3.new(-1136.821,1845.149,319.952),Vel=Vector3.new(-11.189,0.010,30.513),Move=Vector3.new(-0.344,0,0.939),CFrame=CFrame.new(-1129.970,1870.414,271.866,-0.990579,-0.061021,0.122596,0.000000,0.895234,0.445597,-0.136943,0.441399,-0.886800),FOV=70.00,Time=3.3377},
{Pos=Vector3.new(-1137.254,1845.149,321.091),Vel=Vector3.new(-11.541,0.010,30.382),Move=Vector3.new(-0.355,0,0.935),CFrame=CFrame.new(-1130.297,1870.414,272.756,-0.990579,-0.061021,0.122596,0.000000,0.895234,0.445597,-0.136943,0.441399,-0.886800),FOV=70.00,Time=3.3739},
{Pos=Vector3.new(-1137.603,1845.149,321.973),Vel=Vector3.new(-11.970,0.010,30.215),Move=Vector3.new(-0.368,0,0.930),CFrame=CFrame.new(-1130.729,1870.414,273.896,-0.990579,-0.061021,0.122596,0.000000,0.895234,0.445597,-0.136943,0.441399,-0.886800),FOV=70.00,Time=3.4124},
{Pos=Vector3.new(-1138.030,1845.149,322.968),Vel=Vector3.new(-12.811,0.010,29.869),Move=Vector3.new(-0.394,0,0.919),CFrame=CFrame.new(-1131.079,1870.414,274.777,-0.990579,-0.061021,0.122596,0.000000,0.895234,0.445597,-0.136943,0.441399,-0.886800),FOV=70.00,Time=3.4371},
